BATTERY,4,99.995878,25583.142420,,
BATTERY,4,99.994250,29072.142420,,
BATTERY,4,99.993513,33647.142420,,
BATTERY,4,99.993513,33647.142420,,
BATTERY,4,99.992930,37264.142420,,
BATTERY,4,99.992930,37264.142420,,
BATTERY,4,99.992348,40881.142420,,
BATTERY,4,99.992348,40881.142420,,
BATTERY,4,99.991713,44818.142420,,
BATTERY,4,99.991713,44818.142420,,
BATTERY,4,99.991130,48435.142420,,
BATTERY,4,99.991130,48435.142420,,
BATTERY,4,99.990548,52052.142420,,
BATTERY,4,99.990548,52052.142420,,
BATTERY,4,99.943102,346543.142420,,
BATTERY,4,99.941474,350032.142420,,
BATTERY,4,99.940840,353967.142420,,
BATTERY,4,99.940840,353967.142420,,
BATTERY,4,99.940205,357904.142420,,
BATTERY,4,99.940205,357904.142420,,
BATTERY,4,99.939468,362481.142420,,
BATTERY,4,99.939468,362481.142420,,
BATTERY,4,99.938834,366418.142420,,
BATTERY,4,99.938834,366418.142420,,
BATTERY,4,99.851659,907503.142420,,
BATTERY,4,99.850031,910992.142420,,
BATTERY,4,99.849397,914927.142420,,
BATTERY,4,99.849397,914927.142420,,
BATTERY,4,99.848814,918544.142420,,
BATTERY,4,99.848814,918544.142420,,
BATTERY,4,99.848231,922161.142420,,
BATTERY,4,99.848231,922161.142420,,
BATTERY,4,99.847597,926098.142420,,
BATTERY,4,99.847597,926098.142420,,
BATTERY,4,99.846911,930355.142420,,
BATTERY,4,99.846911,930355.142420,,
BATTERY,4,99.846277,934292.142420,,
BATTERY,4,99.846277,934292.142420,,
BATTERY,4,99.845916,936533.142420,,
BATTERY,4,99.844493,939317.142420,,
BATTERY,4,99.844215,941045.142420,,
BATTERY,4,99.842795,944086.142420,,
BATTERY,4,99.833318,1002912.000000,,
BATTERY,4,99.833318,1002912.000000,,
BATTERY,4,99.829459,1026863.142420,,
BATTERY,4,99.828040,1029904.142420,,
BATTERY,4,99.671484,2001632.000000,,
BATTERY,4,99.671484,2001632.000000,,
BATTERY,4,99.671226,2003232.000000,,
BATTERY,4,99.671226,2003232.000000,,
BATTERY,4,99.671205,2003361.000000,,
BATTERY,4,99.670652,2004546.000000,,
BATTERY,4,99.670292,2006785.000000,,
BATTERY,4,99.670292,2006785.000000,,
BATTERY,4,99.669972,2008771.000000,,
BATTERY,4,99.669972,2008771.000000,,
BATTERY,4,99.667314,2025263.142420,,
BATTERY,4,99.665895,2028304.142420,,
BATTERY,4,99.509133,3001312.000000,,
BATTERY,4,99.509133,3001312.000000,,
BATTERY,4,99.508875,3002912.000000,,
BATTERY,4,99.508875,3002912.000000,,
BATTERY,4,99.508607,3004578.000000,,
BATTERY,4,99.508607,3004578.000000,,
BATTERY,4,99.508297,3006498.000000,,
BATTERY,4,99.508297,3006498.000000,,
BATTERY,4,99.507916,3008867.000000,,
BATTERY,4,99.507363,3010052.000000,,
BATTERY,4,99.504757,3026223.142420,,
BATTERY,4,99.503338,3029264.142420,,
BATTERY,4,99.346870,4000448.000000,,
BATTERY,4,99.346317,4001633.000000,,
BATTERY,4,99.346059,4003232.000000,,
BATTERY,4,99.346059,4003232.000000,,
BATTERY,4,99.345848,4004545.000000,,
BATTERY,4,99.345848,4004545.000000,,
BATTERY,4,99.345590,4006145.000000,,
BATTERY,4,99.345590,4006145.000000,,
BATTERY,4,99.345373,4007491.000000,,
BATTERY,4,99.345373,4007491.000000,,
BATTERY,4,99.345161,4008804.000000,,
BATTERY,4,99.345161,4008804.000000,,
BATTERY,4,99.344641,4012037.000000,,
BATTERY,4,99.344641,4012037.000000,,
BATTERY,4,99.342252,4026863.142420,,
BATTERY,4,99.340833,4029904.142420,,
BATTERY,4,99.184277,5001632.000000,,
BATTERY,4,99.184277,5001632.000000,,
BATTERY,4,99.184210,5002048.000000,,
BATTERY,4,99.183657,5003233.000000,,
BATTERY,4,99.183445,5004545.000000,,
BATTERY,4,99.183445,5004545.000000,,
BATTERY,4,99.183187,5006145.000000,,
BATTERY,4,99.183187,5006145.000000,,
BATTERY,4,99.182924,5007778.000000,,
BATTERY,4,99.182924,5007778.000000,,
BATTERY,4,99.182558,5010051.000000,,
BATTERY,4,99.182558,5010051.000000,,
BATTERY,4,99.180056,5025583.142420,,
BATTERY,4,99.178637,5028624.142420,,
BATTERY,4,99.021926,6001312.000000,,
BATTERY,4,99.021926,6001312.000000,,
BATTERY,4,99.021905,6001441.000000,,
BATTERY,4,99.021352,6002626.000000,,
BATTERY,4,99.021094,6004225.000000,,
BATTERY,4,99.021094,6004225.000000,,
BATTERY,4,99.020831,6005858.000000,,
BATTERY,4,99.020831,6005858.000000,,
BATTERY,4,99.020620,6007171.000000,,
BATTERY,4,99.020620,6007171.000000,,
BATTERY,4,99.020202,6009764.000000,,
BATTERY,4,99.020202,6009764.000000,,
BATTERY,4,99.017602,6025903.142420,,
BATTERY,4,99.016183,6028944.142420,,
BATTERY,4,98.859523,7001312.000000,,
BATTERY,4,98.859523,7001312.000000,,
BATTERY,4,98.859312,7002625.000000,,
BATTERY,4,98.859312,7002625.000000,,
BATTERY,4,98.859054,7004225.000000,,
BATTERY,4,98.859054,7004225.000000,,
BATTERY,4,98.858930,7004994.000000,,
BATTERY,4,98.858377,7006179.000000,,
BATTERY,4,98.857960,7008771.000000,,
BATTERY,4,98.857960,7008771.000000,,
BATTERY,4,98.857748,7010084.000000,,
BATTERY,4,98.857748,7010084.000000,,
BATTERY,4,98.855251,7025583.142420,,
BATTERY,4,98.853832,7028624.142420,,
BATTERY,4,98.697260,8000448.000000,,
BATTERY,4,98.696707,8001633.000000,,
BATTERY,4,98.696496,8002945.000000,,
BATTERY,4,98.696496,8002945.000000,,
BATTERY,4,98.696078,8005538.000000,,
BATTERY,4,98.696078,8005538.000000,,
BATTERY,4,98.695763,8007491.000000,,
BATTERY,4,98.695763,8007491.000000,,
BATTERY,4,98.695500,8009124.000000,,
BATTERY,4,98.695500,8009124.000000,,
BATTERY,4,98.692797,8025903.142420,,
BATTERY,4,98.691378,8028944.142420,,
BATTERY,4,98.534909,9000128.000000,,
BATTERY,4,98.534356,9001313.000000,,
BATTERY,4,98.534099,9002912.000000,,
BATTERY,4,98.534099,9002912.000000,,
BATTERY,4,98.533882,9004258.000000,,
BATTERY,4,98.533882,9004258.000000,,
BATTERY,4,98.533573,9006178.000000,,
BATTERY,4,98.533573,9006178.000000,,
BATTERY,4,98.533206,9008451.000000,,
BATTERY,4,98.533206,9008451.000000,,
BATTERY,4,98.532686,9011684.000000,,
BATTERY,4,98.532686,9011684.000000,,
BATTERY,4,98.530343,9026223.142420,,
BATTERY,4,98.528924,9029264.142420,,
BATTERY,4,98.372301,10001408.000000,,
BATTERY,4,98.371748,10002593.000000,,
BATTERY,4,98.371536,10003905.000000,,
BATTERY,4,98.371536,10003905.000000,,
BATTERY,4,98.371279,10005505.000000,,
BATTERY,4,98.371279,10005505.000000,,
BATTERY,4,98.370964,10007458.000000,,
BATTERY,4,98.370964,10007458.000000,,
BATTERY,4,98.370598,10009731.000000,,
BATTERY,4,98.370598,10009731.000000,,
BATTERY,4,98.367941,10026223.142420,,
BATTERY,4,98.366522,10029264.142420,,
BATTERY,4,98.209914,11001312.000000,,
BATTERY,4,98.209914,11001312.000000,,
BATTERY,4,98.209651,11002945.000000,,
BATTERY,4,98.209651,11002945.000000,,
BATTERY,4,98.209393,11004545.000000,,
BATTERY,4,98.209393,11004545.000000,,
BATTERY,4,98.209181,11005858.000000,,
BATTERY,4,98.209181,11005858.000000,,
BATTERY,4,98.209109,11006307.000000,,
BATTERY,4,98.208556,11007492.000000,,
BATTERY,4,98.208345,11008804.000000,,
BATTERY,4,98.208345,11008804.000000,,
BATTERY,4,98.208133,11010117.000000,,
BATTERY,4,98.208133,11010117.000000,,
BATTERY,4,98.205641,11025583.142420,,
BATTERY,4,98.204222,11028624.142420,,
BATTERY,4,98.047511,12001312.000000,,
BATTERY,4,98.047511,12001312.000000,,
BATTERY,4,98.047248,12002945.000000,,
BATTERY,4,98.047248,12002945.000000,,
BATTERY,4,98.047228,12003074.000000,,
BATTERY,4,98.046675,12004259.000000,,
BATTERY,4,98.046417,12005858.000000,,
BATTERY,4,98.046417,12005858.000000,,
BATTERY,4,98.045845,12009411.000000,,
BATTERY,4,98.045845,12009411.000000,,
BATTERY,4,98.042981,12027183.142420,,
BATTERY,4,98.041562,12030224.142420,,
BATTERY,4,97.885109,13001312.000000,,
BATTERY,4,97.885109,13001312.000000,,
BATTERY,4,97.884846,13002945.000000,,
BATTERY,4,97.884846,13002945.000000,,
BATTERY,4,97.884588,13004545.000000,,
BATTERY,4,97.884588,13004545.000000,,
BATTERY,4,97.884320,13006211.000000,,
BATTERY,4,97.884320,13006211.000000,,
BATTERY,4,97.884201,13006947.000000,,
BATTERY,4,97.883648,13008132.000000,,
BATTERY,4,97.883128,13011364.000000,,
BATTERY,4,97.883128,13011364.000000,,
BATTERY,4,97.880888,13025263.142420,,
BATTERY,4,97.879469,13028304.142420,,
BATTERY,4,97.722707,14001312.000000,,
BATTERY,4,97.722707,14001312.000000,,
BATTERY,4,97.722495,14002625.000000,,
BATTERY,4,97.722495,14002625.000000,,
BATTERY,4,97.722232,14004258.000000,,
BATTERY,4,97.722232,14004258.000000,,
BATTERY,4,97.722113,14004994.000000,,
BATTERY,4,97.721560,14006179.000000,,
BATTERY,4,97.721349,14007491.000000,,
BATTERY,4,97.721349,14007491.000000,,
BATTERY,4,97.721091,14009091.000000,,
BATTERY,4,97.721091,14009091.000000,,
BATTERY,4,97.720519,14012644.000000,,
BATTERY,4,97.720519,14012644.000000,,
BATTERY,4,97.718434,14025583.142420,,
BATTERY,4,97.717015,14028624.142420,,
BATTERY,4,97.560201,15001952.000000,,
BATTERY,4,97.560201,15001952.000000,,
BATTERY,4,97.559990,15003265.000000,,
BATTERY,4,97.559990,15003265.000000,,
BATTERY,4,97.559917,15003714.000000,,
BATTERY,4,97.559364,15004899.000000,,
BATTERY,4,97.559153,15006211.000000,,
BATTERY,4,97.559153,15006211.000000,,
BATTERY,4,97.558941,15007524.000000,,
BATTERY,4,97.558941,15007524.000000,,
BATTERY,4,97.558575,15009797.000000,,
BATTERY,4,97.558575,15009797.000000,,
BATTERY,4,97.558157,15012390.000000,,
BATTERY,4,97.558157,15012390.000000,,
BATTERY,4,97.556083,15025263.142420,,
BATTERY,4,97.554664,15028304.142420,,
BATTERY,4,97.397902,16001312.000000,,
BATTERY,4,97.397902,16001312.000000,,
BATTERY,4,97.397830,16001761.000000,,
BATTERY,4,97.397277,16002946.000000,,
BATTERY,4,97.397065,16004258.000000,,
BATTERY,4,97.397065,16004258.000000,,
BATTERY,4,97.396756,16006178.000000,,
BATTERY,4,97.396756,16006178.000000,,
BATTERY,4,97.396441,16008131.000000,,
BATTERY,4,97.396441,16008131.000000,,
BATTERY,4,97.393578,16025903.142420,,
BATTERY,4,97.392159,16028944.142420,,
BATTERY,4,97.235690,17000128.000000,,
BATTERY,4,97.235137,17001313.000000,,
BATTERY,4,97.234926,17002625.000000,,
BATTERY,4,97.234926,17002625.000000,,
BATTERY,4,97.234668,17004225.000000,,
BATTERY,4,97.234668,17004225.000000,,
BATTERY,4,97.234405,17005858.000000,,
BATTERY,4,97.234405,17005858.000000,,
BATTERY,4,97.234096,17007778.000000,,
BATTERY,4,97.234096,17007778.000000,,
BATTERY,4,97.231176,17025903.142420,,
BATTERY,4,97.229756,17028944.142420,,
BATTERY,4,97.073046,18001632.000000,,
BATTERY,4,97.073046,18001632.000000,,
BATTERY,4,97.072788,18003232.000000,,
BATTERY,4,97.072788,18003232.000000,,
BATTERY,4,97.072473,18005185.000000,,
BATTERY,4,97.072473,18005185.000000,,
BATTERY,4,97.072143,18007234.000000,,
BATTERY,4,97.071590,18008419.000000,,
BATTERY,4,97.068825,18025583.142420,,
BATTERY,4,97.067406,18028624.142420,,
BATTERY,4,96.910643,19001632.000000,,
BATTERY,4,96.910643,19001632.000000,,
BATTERY,4,96.910385,19003232.000000,,
BATTERY,4,96.910385,19003232.000000,,
BATTERY,4,96.910122,19004865.000000,,
BATTERY,4,96.910122,19004865.000000,,
BATTERY,4,96.909865,19006465.000000,,
BATTERY,4,96.909865,19006465.000000,,
BATTERY,4,96.909838,19006627.000000,,
BATTERY,4,96.909285,19007812.000000,,
BATTERY,4,96.908971,19009764.000000,,
BATTERY,4,96.908971,19009764.000000,,
BATTERY,4,96.906474,19025263.142420,,
BATTERY,4,96.905055,19028304.142420,,
BATTERY,4,96.748292,20001312.000000,,
BATTERY,4,96.748292,20001312.000000,,
BATTERY,4,96.748225,20001728.000000,,
BATTERY,4,96.747672,20002913.000000,,
BATTERY,4,96.747456,20004258.000000,,
BATTERY,4,96.747456,20004258.000000,,
BATTERY,4,96.747198,20005858.000000,,
BATTERY,4,96.747198,20005858.000000,,
BATTERY,4,96.746883,20007811.000000,,
BATTERY,4,96.746883,20007811.000000,,
BATTERY,4,96.743711,20027503.142420,,
BATTERY,4,96.742291,20030544.142420,,
BATTERY,4,96.585838,21001632.000000,,
BATTERY,4,96.585838,21001632.000000,,
BATTERY,4,96.585627,21002945.000000,,
BATTERY,4,96.585627,21002945.000000,,
BATTERY,4,96.585555,21003394.000000,,
BATTERY,4,96.585002,21004579.000000,,
BATTERY,4,96.584532,21007491.000000,,
BATTERY,4,96.584532,21007491.000000,,
BATTERY,4,96.584012,21010724.000000,,
BATTERY,4,96.584012,21010724.000000,,
BATTERY,4,96.581360,21027183.142420,,
BATTERY,4,96.579941,21030224.142420,,
BATTERY,4,96.423436,22001632.000000,,
BATTERY,4,96.423436,22001632.000000,,
BATTERY,4,96.423173,22003265.000000,,
BATTERY,4,96.423173,22003265.000000,,
BATTERY,4,96.422961,22004578.000000,,
BATTERY,4,96.422961,22004578.000000,,
BATTERY,4,96.422750,22005891.000000,,
BATTERY,4,96.422750,22005891.000000,,
BATTERY,4,96.422683,22006307.000000,,
BATTERY,4,96.422130,22007492.000000,,
BATTERY,4,96.421867,22009124.000000,,
BATTERY,4,96.421867,22009124.000000,,
BATTERY,4,96.419267,22025263.142420,,
BATTERY,4,96.417848,22028304.142420,,
BATTERY,4,96.261085,23001312.000000,,
BATTERY,4,96.261085,23001312.000000,,
BATTERY,4,96.260874,23002625.000000,,
BATTERY,4,96.260874,23002625.000000,,
BATTERY,4,96.260611,23004258.000000,,
BATTERY,4,96.260611,23004258.000000,,
BATTERY,4,96.260301,23006178.000000,,
BATTERY,4,96.260301,23006178.000000,,
BATTERY,4,96.260120,23007300.000000,,
BATTERY,4,96.259567,23008485.000000,,
BATTERY,4,96.256710,23026223.142420,,
BATTERY,4,96.255291,23029264.142420,,
BATTERY,4,96.098683,24001312.000000,,
BATTERY,4,96.098683,24001312.000000,,
BATTERY,4,96.098471,24002625.000000,,
BATTERY,4,96.098471,24002625.000000,,
BATTERY,4,96.098208,24004258.000000,,
BATTERY,4,96.098208,24004258.000000,,
BATTERY,4,96.097997,24005571.000000,,
BATTERY,4,96.097997,24005571.000000,,
BATTERY,4,96.097924,24006020.000000,,
BATTERY,4,96.097371,24007205.000000,,
BATTERY,4,96.097108,24008837.000000,,
BATTERY,4,96.097108,24008837.000000,,
BATTERY,4,96.094307,24026223.142420,,
BATTERY,4,96.092888,24029264.142420,,
BATTERY,4,95.936280,25001312.000000,,
BATTERY,4,95.936280,25001312.000000,,
BATTERY,4,95.936208,25001761.000000,,
BATTERY,4,95.935655,25002946.000000,,
BATTERY,4,95.935444,25004258.000000,,
BATTERY,4,95.935444,25004258.000000,,
BATTERY,4,95.935129,25006211.000000,,
BATTERY,4,95.935129,25006211.000000,,
BATTERY,4,95.934608,25009444.000000,,
BATTERY,4,95.934608,25009444.000000,,
BATTERY,4,95.932060,25025263.142420,,
BATTERY,4,95.930640,25028304.142420,,
BATTERY,4,95.774069,26000128.000000,,
BATTERY,4,95.773516,26001313.000000,,
BATTERY,4,95.773304,26002625.000000,,
BATTERY,4,95.773304,26002625.000000,,
BATTERY,4,95.773047,26004225.000000,,
BATTERY,4,95.773047,26004225.000000,,
BATTERY,4,95.772520,26007491.000000,,
BATTERY,4,95.772520,26007491.000000,,
BATTERY,4,95.772051,26010404.000000,,
BATTERY,4,95.772051,26010404.000000,,
BATTERY,4,95.769399,26026863.142420,,
BATTERY,4,95.767980,26029904.142420,,
BATTERY,4,95.611476,27001312.000000,,
BATTERY,4,95.611476,27001312.000000,,
BATTERY,4,95.611166,27003232.000000,,
BATTERY,4,95.611166,27003232.000000,,
BATTERY,4,95.610903,27004865.000000,,
BATTERY,4,95.610903,27004865.000000,,
BATTERY,4,95.610640,27006498.000000,,
BATTERY,4,95.610640,27006498.000000,,
BATTERY,4,95.610362,27008227.000000,,
BATTERY,4,95.609809,27009412.000000,,
BATTERY,4,95.609494,27011364.000000,,
BATTERY,4,95.609494,27011364.000000,,
BATTERY,4,95.608973,27014597.000000,,
BATTERY,4,95.608973,27014597.000000,,
BATTERY,4,95.606997,27026863.142420,,
BATTERY,4,95.605578,27029904.142420,,
BATTERY,4,95.449022,28001632.000000,,
BATTERY,4,95.449022,28001632.000000,,
BATTERY,4,95.448949,28002081.000000,,
BATTERY,4,95.448396,28003266.000000,,
BATTERY,4,95.448185,28004578.000000,,
BATTERY,4,95.448185,28004578.000000,,
BATTERY,4,95.447824,28006818.000000,,
BATTERY,4,95.447824,28006818.000000,,
BATTERY,4,95.444543,28027183.142420,,
BATTERY,4,95.443124,28030224.142420,,
BATTERY,4,95.286619,29001632.000000,,
BATTERY,4,95.286619,29001632.000000,,
BATTERY,4,95.286362,29003232.000000,,
BATTERY,4,95.286362,29003232.000000,,
BATTERY,4,95.286047,29005185.000000,,
BATTERY,4,95.286047,29005185.000000,,
BATTERY,4,95.285789,29006785.000000,,
BATTERY,4,95.285789,29006785.000000,,
BATTERY,4,95.285526,29008418.000000,,
BATTERY,4,95.285526,29008418.000000,,
BATTERY,4,95.285459,29008834.000000,,
BATTERY,4,95.284906,29010019.000000,,
BATTERY,4,95.282295,29026223.142420,,
BATTERY,4,95.280876,29029264.142420,,
BATTERY,4,95.124268,30001312.000000,,
BATTERY,4,95.124268,30001312.000000,,
BATTERY,4,95.124057,30002625.000000,,
BATTERY,4,95.124057,30002625.000000,,
BATTERY,4,95.123845,30003938.000000,,
BATTERY,4,95.123845,30003938.000000,,
BATTERY,4,95.123634,30005251.000000,,
BATTERY,4,95.123634,30005251.000000,,
BATTERY,4,95.123371,30006884.000000,,
BATTERY,4,95.123371,30006884.000000,,
BATTERY,4,95.123298,30007333.000000,,
BATTERY,4,95.122745,30008518.000000,,
BATTERY,4,95.119841,30026543.142420,,
BATTERY,4,95.118422,30029584.142420,,
BATTERY,4,94.961866,31001312.000000,,
BATTERY,4,94.961866,31001312.000000,,
BATTERY,4,94.961608,31002912.000000,,
BATTERY,4,94.961608,31002912.000000,,
BATTERY,4,94.961391,31004258.000000,,
BATTERY,4,94.961391,31004258.000000,,
BATTERY,4,94.961216,31005347.000000,,
BATTERY,4,94.960663,31006532.000000,,
BATTERY,4,94.960452,31007844.000000,,
BATTERY,4,94.960452,31007844.000000,,
BATTERY,4,94.960137,31009797.000000,,
BATTERY,4,94.960137,31009797.000000,,
BATTERY,4,94.959616,31013030.000000,,
BATTERY,4,94.959616,31013030.000000,,
BATTERY,4,94.957491,31026223.142420,,
BATTERY,4,94.956071,31029264.142420,,
BATTERY,4,94.799654,32000128.000000,,
BATTERY,4,94.799101,32001313.000000,,
BATTERY,4,94.798890,32002625.000000,,
BATTERY,4,94.798890,32002625.000000,,
BATTERY,4,94.798581,32004545.000000,,
BATTERY,4,94.798581,32004545.000000,,
BATTERY,4,94.798318,32006178.000000,,
BATTERY,4,94.798318,32006178.000000,,
BATTERY,4,94.798055,32007811.000000,,
BATTERY,4,94.798055,32007811.000000,,
BATTERY,4,94.797585,32010724.000000,,
BATTERY,4,94.797585,32010724.000000,,
BATTERY,4,94.794882,32027503.142420,,
BATTERY,4,94.793463,32030544.142420,,
BATTERY,4,94.636958,33001952.000000,,
BATTERY,4,94.636958,33001952.000000,,
BATTERY,4,94.636700,33003552.000000,,
BATTERY,4,94.636700,33003552.000000,,
BATTERY,4,94.636437,33005185.000000,,
BATTERY,4,94.636437,33005185.000000,,
BATTERY,4,94.636370,33005601.000000,,
BATTERY,4,94.635817,33006786.000000,,
BATTERY,4,94.635394,33009411.000000,,
BATTERY,4,94.635394,33009411.000000,,
BATTERY,4,94.634822,33012964.000000,,
BATTERY,4,94.634822,33012964.000000,,
BATTERY,4,94.632686,33026223.142420,,
BATTERY,4,94.631267,33029264.142420,,
BATTERY,4,94.474695,34001088.000000,,
BATTERY,4,94.474142,34002273.000000,,
BATTERY,4,94.473879,34003905.000000,,
BATTERY,4,94.473879,34003905.000000,,
BATTERY,4,94.473668,34005218.000000,,
BATTERY,4,94.473668,34005218.000000,,
BATTERY,4,94.473358,34007138.000000,,
BATTERY,4,94.473358,34007138.000000,,
BATTERY,4,94.473095,34008771.000000,,
BATTERY,4,94.473095,34008771.000000,,
BATTERY,4,94.472729,34011044.000000,,
BATTERY,4,94.472729,34011044.000000,,
BATTERY,4,94.472260,34013957.000000,,
BATTERY,4,94.472260,34013957.000000,,
BATTERY,4,94.470180,34026863.142420,,
BATTERY,4,94.468761,34029904.142420,,
BATTERY,4,94.312257,35001312.000000,,
BATTERY,4,94.312257,35001312.000000,,
BATTERY,4,94.312184,35001761.000000,,
BATTERY,4,94.311631,35002946.000000,,
BATTERY,4,94.311420,35004258.000000,,
BATTERY,4,94.311420,35004258.000000,,
BATTERY,4,94.311162,35005858.000000,,
BATTERY,4,94.311162,35005858.000000,,
BATTERY,4,94.307778,35026863.142420,,
BATTERY,4,94.306359,35029904.142420,,
BATTERY,4,94.149854,36001312.000000,,
BATTERY,4,94.149854,36001312.000000,,
BATTERY,4,94.149787,36001728.000000,,
BATTERY,4,94.149234,36002913.000000,,
BATTERY,4,94.148971,36004545.000000,,
BATTERY,4,94.148971,36004545.000000,,
BATTERY,4,94.148760,36005858.000000,,
BATTERY,4,94.148760,36005858.000000,,
BATTERY,4,94.148445,36007811.000000,,
BATTERY,4,94.148445,36007811.000000,,
BATTERY,4,94.147976,36010724.000000,,
BATTERY,4,94.147976,36010724.000000,,
BATTERY,4,94.145324,36027183.142420,,
BATTERY,4,94.143905,36030224.142420,,
BATTERY,4,93.987452,37001312.000000,,
BATTERY,4,93.987452,37001312.000000,,
BATTERY,4,93.987240,37002625.000000,,
BATTERY,4,93.987240,37002625.000000,,
BATTERY,4,93.987168,37003074.000000,,
BATTERY,4,93.986615,37004259.000000,,
BATTERY,4,93.986357,37005858.000000,,
BATTERY,4,93.986357,37005858.000000,,
BATTERY,4,93.986043,37007811.000000,,
BATTERY,4,93.986043,37007811.000000,,
BATTERY,4,93.982922,37027183.142420,,
BATTERY,4,93.981502,37030224.142420,,
BATTERY,4,93.825049,38001312.000000,,
BATTERY,4,93.825049,38001312.000000,,
BATTERY,4,93.824838,38002625.000000,,
BATTERY,4,93.824838,38002625.000000,,
BATTERY,4,93.824580,38004225.000000,,
BATTERY,4,93.824580,38004225.000000,,
BATTERY,4,93.824317,38005858.000000,,
BATTERY,4,93.824317,38005858.000000,,
BATTERY,4,93.823987,38007907.000000,,
BATTERY,4,93.823434,38009092.000000,,
BATTERY,4,93.823068,38011364.000000,,
BATTERY,4,93.823068,38011364.000000,,
BATTERY,4,93.820674,38026223.142420,,
BATTERY,4,93.819255,38029264.142420,,
BATTERY,4,93.662647,39001312.000000,,
BATTERY,4,93.662647,39001312.000000,,
BATTERY,4,93.662435,39002625.000000,,
BATTERY,4,93.662435,39002625.000000,,
BATTERY,4,93.662415,39002754.000000,,
BATTERY,4,93.661862,39003939.000000,,
BATTERY,4,93.661650,39005251.000000,,
BATTERY,4,93.661650,39005251.000000,,
BATTERY,4,93.661392,39006851.000000,,
BATTERY,4,93.661392,39006851.000000,,
BATTERY,4,93.661181,39008164.000000,,
BATTERY,4,93.661181,39008164.000000,,
BATTERY,4,93.660918,39009797.000000,,
BATTERY,4,93.660918,39009797.000000,,
BATTERY,4,93.658220,39026543.142420,,
BATTERY,4,93.656801,39029584.142420,,
BATTERY,4,93.500193,40001632.000000,,
BATTERY,4,93.500193,40001632.000000,,
BATTERY,4,93.499981,40002945.000000,,
BATTERY,4,93.499981,40002945.000000,,
BATTERY,4,93.499724,40004545.000000,,
BATTERY,4,93.499724,40004545.000000,,
BATTERY,4,93.499512,40005858.000000,,
BATTERY,4,93.499512,40005858.000000,,
BATTERY,4,93.499491,40005987.000000,,
BATTERY,4,93.498938,40007172.000000,,
BATTERY,4,93.498675,40008804.000000,,
BATTERY,4,93.498675,40008804.000000,,
BATTERY,4,93.498418,40010404.000000,,
BATTERY,4,93.498418,40010404.000000,,
BATTERY,4,93.495663,40027503.142420,,
BATTERY,4,93.494244,40030544.142420,,
BATTERY,4,93.337842,41001312.000000,,
BATTERY,4,93.337842,41001312.000000,,
BATTERY,4,93.337631,41002625.000000,,
BATTERY,4,93.337631,41002625.000000,,
BATTERY,4,93.337419,41003938.000000,,
BATTERY,4,93.337419,41003938.000000,,
BATTERY,4,93.337249,41004994.000000,,
BATTERY,4,93.336696,41006179.000000,,
BATTERY,4,93.336433,41007811.000000,,
BATTERY,4,93.336433,41007811.000000,,
BATTERY,4,93.333312,41027183.142420,,
BATTERY,4,93.331893,41030224.142420,,
BATTERY,4,93.175579,42000448.000000,,
BATTERY,4,93.175026,42001633.000000,,
BATTERY,4,93.174815,42002945.000000,,
BATTERY,4,93.174815,42002945.000000,,
BATTERY,4,93.174603,42004258.000000,,
BATTERY,4,93.174603,42004258.000000,,
BATTERY,4,93.174340,42005891.000000,,
BATTERY,4,93.174340,42005891.000000,,
BATTERY,4,93.171219,42025263.142420,,
BATTERY,4,93.169800,42028304.142420,,
BATTERY,4,93.013037,43001312.000000,,
BATTERY,4,93.013037,43001312.000000,,
BATTERY,4,93.012826,43002625.000000,,
BATTERY,4,93.012826,43002625.000000,,
BATTERY,4,93.012614,43003938.000000,,
BATTERY,4,93.012614,43003938.000000,,
BATTERY,4,93.012351,43005571.000000,,
BATTERY,4,93.012351,43005571.000000,,
BATTERY,4,93.012088,43007204.000000,,
BATTERY,4,93.012088,43007204.000000,,
BATTERY,4,93.012021,43007620.000000,,
BATTERY,4,93.011468,43008805.000000,,
BATTERY,4,93.010947,43012037.000000,,
BATTERY,4,93.010947,43012037.000000,,
BATTERY,4,93.008559,43026863.142420,,
BATTERY,4,93.007140,43029904.142420,,
BATTERY,4,92.850583,44001632.000000,,
BATTERY,4,92.850583,44001632.000000,,
BATTERY,4,92.850372,44002945.000000,,
BATTERY,4,92.850372,44002945.000000,,
BATTERY,4,92.850160,44004258.000000,,
BATTERY,4,92.850160,44004258.000000,,
BATTERY,4,92.849897,44005891.000000,,
BATTERY,4,92.849897,44005891.000000,,
BATTERY,4,92.849825,44006340.000000,,
BATTERY,4,92.849272,44007525.000000,,
BATTERY,4,92.849061,44008837.000000,,
BATTERY,4,92.849061,44008837.000000,,
BATTERY,4,92.846363,44025583.142420,,
BATTERY,4,92.844943,44028624.142420,,
BATTERY,4,92.688233,45001312.000000,,
BATTERY,4,92.688233,45001312.000000,,
BATTERY,4,92.687975,45002912.000000,,
BATTERY,4,92.687975,45002912.000000,,
BATTERY,4,92.687954,45003041.000000,,
BATTERY,4,92.687401,45004226.000000,,
BATTERY,4,92.687190,45005538.000000,,
BATTERY,4,92.687190,45005538.000000,,
BATTERY,4,92.686932,45007138.000000,,
BATTERY,4,92.686932,45007138.000000,,
BATTERY,4,92.686720,45008451.000000,,
BATTERY,4,92.686720,45008451.000000,,
BATTERY,4,92.686463,45010051.000000,,
BATTERY,4,92.686463,45010051.000000,,
BATTERY,4,92.683960,45025583.142420,,
BATTERY,4,92.682541,45028624.142420,,
BATTERY,4,92.525830,46001312.000000,,
BATTERY,4,92.525830,46001312.000000,,
BATTERY,4,92.525567,46002945.000000,,
BATTERY,4,92.525567,46002945.000000,,
BATTERY,4,92.525309,46004545.000000,,
BATTERY,4,92.525309,46004545.000000,,
BATTERY,4,92.525046,46006178.000000,,
BATTERY,4,92.525046,46006178.000000,,
BATTERY,4,92.524819,46007587.000000,,
BATTERY,4,92.524266,46008772.000000,,
BATTERY,4,92.521403,46026543.142420,,
BATTERY,4,92.519984,46029584.142420,,
BATTERY,4,92.363325,47001952.000000,,
BATTERY,4,92.363325,47001952.000000,,
BATTERY,4,92.363062,47003585.000000,,
BATTERY,4,92.363062,47003585.000000,,
BATTERY,4,92.363041,47003714.000000,,
BATTERY,4,92.362488,47004899.000000,,
BATTERY,4,92.362276,47006211.000000,,
BATTERY,4,92.362276,47006211.000000,,
BATTERY,4,92.362065,47007524.000000,,
BATTERY,4,92.362065,47007524.000000,,
BATTERY,4,92.361544,47010757.000000,,
BATTERY,4,92.361544,47010757.000000,,
BATTERY,4,92.359207,47025263.142420,,
BATTERY,4,92.357788,47028304.142420,,
BATTERY,4,92.201025,48001312.000000,,
BATTERY,4,92.201025,48001312.000000,,
BATTERY,4,92.200768,48002912.000000,,
BATTERY,4,92.200768,48002912.000000,,
BATTERY,4,92.200556,48004225.000000,,
BATTERY,4,92.200556,48004225.000000,,
BATTERY,4,92.200247,48006145.000000,,
BATTERY,4,92.200247,48006145.000000,,
BATTERY,4,92.199917,48008194.000000,,
BATTERY,4,92.199364,48009379.000000,,
BATTERY,4,92.199152,48010691.000000,,
BATTERY,4,92.199152,48010691.000000,,
BATTERY,4,92.196805,48025263.142420,,
BATTERY,4,92.195385,48028304.142420,,
BATTERY,4,92.038572,49001632.000000,,
BATTERY,4,92.038572,49001632.000000,,
BATTERY,4,92.038257,49003585.000000,,
BATTERY,4,92.038257,49003585.000000,,
BATTERY,4,92.038185,49004034.000000,,
BATTERY,4,92.037632,49005219.000000,,
BATTERY,4,92.037420,49006531.000000,,
BATTERY,4,92.037420,49006531.000000,,
BATTERY,4,92.037054,49008804.000000,,
BATTERY,4,92.037054,49008804.000000,,
BATTERY,4,92.036739,49010757.000000,,
BATTERY,4,92.036739,49010757.000000,,
BATTERY,4,92.034299,49025903.142420,,
BATTERY,4,92.032880,49028944.142420,,
BATTERY,4,91.876221,50001312.000000,,
BATTERY,4,91.876221,50001312.000000,,
BATTERY,4,91.876009,50002625.000000,,
BATTERY,4,91.876009,50002625.000000,,
BATTERY,4,91.875891,50003361.000000,,
BATTERY,4,91.875338,50004546.000000,,
BATTERY,4,91.875126,50005858.000000,,
BATTERY,4,91.875126,50005858.000000,,
BATTERY,4,91.874868,50007458.000000,,
BATTERY,4,91.874868,50007458.000000,,
BATTERY,4,91.874548,50009444.000000,,
BATTERY,4,91.874548,50009444.000000,,
BATTERY,4,91.874337,50010757.000000,,
BATTERY,4,91.874337,50010757.000000,,
BATTERY,4,91.872000,50025263.142420,,
BATTERY,4,91.870581,50028304.142420,,
BATTERY,4,91.713906,51000768.000000,,
BATTERY,4,91.713353,51001953.000000,,
BATTERY,4,91.713142,51003265.000000,,
BATTERY,4,91.713142,51003265.000000,,
BATTERY,4,91.712884,51004865.000000,,
BATTERY,4,91.712884,51004865.000000,,
BATTERY,4,91.712667,51006211.000000,,
BATTERY,4,91.712667,51006211.000000,,
BATTERY,4,91.712358,51008131.000000,,
BATTERY,4,91.712358,51008131.000000,,
BATTERY,4,91.711940,51010724.000000,,
BATTERY,4,91.711940,51010724.000000,,
BATTERY,4,91.709237,51027503.142420,,
BATTERY,4,91.707817,51030544.142420,,
BATTERY,4,91.551416,52001312.000000,,
BATTERY,4,91.551416,52001312.000000,,
BATTERY,4,91.551204,52002625.000000,,
BATTERY,4,91.551204,52002625.000000,,
BATTERY,4,91.551132,52003074.000000,,
BATTERY,4,91.550579,52004259.000000,,
BATTERY,4,91.550316,52005891.000000,,
BATTERY,4,91.550316,52005891.000000,,
BATTERY,4,91.550105,52007204.000000,,
BATTERY,4,91.550105,52007204.000000,,
BATTERY,4,91.549744,52009444.000000,,
BATTERY,4,91.549744,52009444.000000,,
BATTERY,4,91.546937,52026863.142420,,
BATTERY,4,91.545518,52029904.142420,,
BATTERY,4,91.389204,53000128.000000,,
BATTERY,4,91.388651,53001313.000000,,
BATTERY,4,91.388394,53002912.000000,,
BATTERY,4,91.388394,53002912.000000,,
BATTERY,4,91.388125,53004578.000000,,
BATTERY,4,91.388125,53004578.000000,,
BATTERY,4,91.387914,53005891.000000,,
BATTERY,4,91.387914,53005891.000000,,
BATTERY,4,91.387548,53008164.000000,,
BATTERY,4,91.387548,53008164.000000,,
BATTERY,4,91.387181,53010437.000000,,
BATTERY,4,91.387181,53010437.000000,,
BATTERY,4,91.384793,53025263.142420,,
BATTERY,4,91.383374,53028304.142420,,
BATTERY,4,91.226560,54001632.000000,,
BATTERY,4,91.226560,54001632.000000,,
BATTERY,4,91.226348,54002945.000000,,
BATTERY,4,91.226348,54002945.000000,,
BATTERY,4,91.226137,54004258.000000,,
BATTERY,4,91.226137,54004258.000000,,
BATTERY,4,91.225925,54005571.000000,,
BATTERY,4,91.225925,54005571.000000,,
BATTERY,4,91.225904,54005700.000000,,
BATTERY,4,91.225351,54006885.000000,,
BATTERY,4,91.222081,54027183.142420,,
BATTERY,4,91.220662,54030224.142420,,
BATTERY,4,91.064209,55001312.000000,,
BATTERY,4,91.064209,55001312.000000,,
BATTERY,4,91.063997,55002625.000000,,
BATTERY,4,91.063997,55002625.000000,,
BATTERY,4,91.063930,55003041.000000,,
BATTERY,4,91.063377,55004226.000000,,
BATTERY,4,91.063160,55005571.000000,,
BATTERY,4,91.063160,55005571.000000,,
BATTERY,4,91.062903,55007171.000000,,
BATTERY,4,91.062903,55007171.000000,,
BATTERY,4,91.059679,55027183.142420,,
BATTERY,4,91.058259,55030224.142420,,
BATTERY,4,90.901806,56001312.000000,,
BATTERY,4,90.901806,56001312.000000,,
BATTERY,4,90.901595,56002625.000000,,
BATTERY,4,90.901595,56002625.000000,,
BATTERY,4,90.901383,56003938.000000,,
BATTERY,4,90.901383,56003938.000000,,
BATTERY,4,90.901120,56005571.000000,,
BATTERY,4,90.901120,56005571.000000,,
BATTERY,4,90.900862,56007171.000000,,
BATTERY,4,90.900862,56007171.000000,,
BATTERY,4,90.900481,56009540.000000,,
BATTERY,4,90.899928,56010725.000000,,
BATTERY,4,90.897225,56027503.142420,,
BATTERY,4,90.895805,56030544.142420,,
BATTERY,4,90.739352,57001632.000000,,
BATTERY,4,90.739352,57001632.000000,,
BATTERY,4,90.739141,57002945.000000,,
BATTERY,4,90.739141,57002945.000000,,
BATTERY,4,90.738832,57004865.000000,,
BATTERY,4,90.738832,57004865.000000,,
BATTERY,4,90.738811,57004994.000000,,
BATTERY,4,90.738258,57006179.000000,,
BATTERY,4,90.737995,57007811.000000,,
BATTERY,4,90.737995,57007811.000000,,
BATTERY,4,90.737680,57009764.000000,,
BATTERY,4,90.737680,57009764.000000,,
BATTERY,4,90.734822,57027503.142420,,
BATTERY,4,90.733403,57030544.142420,,
BATTERY,4,90.576950,58001632.000000,,
BATTERY,4,90.576950,58001632.000000,,
BATTERY,4,90.576738,58002945.000000,,
BATTERY,4,90.576738,58002945.000000,,
BATTERY,4,90.576527,58004258.000000,,
BATTERY,4,90.576527,58004258.000000,,
BATTERY,4,90.576269,58005858.000000,,
BATTERY,4,90.576269,58005858.000000,,
BATTERY,4,90.576006,58007491.000000,,
BATTERY,4,90.576006,58007491.000000,,
BATTERY,4,90.575691,58009444.000000,,
BATTERY,4,90.575691,58009444.000000,,
BATTERY,4,90.575361,58011493.000000,,
BATTERY,4,90.574808,58012678.000000,,
BATTERY,4,90.572523,58026863.142420,,
BATTERY,4,90.571104,58029904.142420,,
BATTERY,4,90.414599,59001312.000000,,
BATTERY,4,90.414599,59001312.000000,,
BATTERY,4,90.414388,59002625.000000,,
BATTERY,4,90.414388,59002625.000000,,
BATTERY,4,90.414367,59002754.000000,,
BATTERY,4,90.413814,59003939.000000,,
BATTERY,4,90.413551,59005571.000000,,
BATTERY,4,90.413551,59005571.000000,,
BATTERY,4,90.413288,59007204.000000,,
BATTERY,4,90.413288,59007204.000000,,
BATTERY,4,90.412979,59009124.000000,,
BATTERY,4,90.412979,59009124.000000,,
BATTERY,4,90.412458,59012357.000000,,
BATTERY,4,90.412458,59012357.000000,,
BATTERY,4,90.410275,59025903.142420,,
BATTERY,4,90.408856,59028944.142420,,
BATTERY,4,90.252197,60001312.000000,,
BATTERY,4,90.252197,60001312.000000,,
BATTERY,4,90.251985,60002625.000000,,
BATTERY,4,90.251985,60002625.000000,,
BATTERY,4,90.251774,60003938.000000,,
BATTERY,4,90.251774,60003938.000000,,
BATTERY,4,90.251516,60005538.000000,,
BATTERY,4,90.251516,60005538.000000,,
BATTERY,4,90.251201,60007491.000000,,
BATTERY,4,90.251201,60007491.000000,,
BATTERY,4,90.250974,60008900.000000,,
BATTERY,4,90.250421,60010085.000000,,
BATTERY,4,90.247976,60025263.142420,,
BATTERY,4,90.246557,60028304.142420,,
BATTERY,4,90.089794,61001312.000000,,
BATTERY,4,90.089794,61001312.000000,,
BATTERY,4,90.089537,61002912.000000,,
BATTERY,4,90.089537,61002912.000000,,
BATTERY,4,90.089464,61003361.000000,,
BATTERY,4,90.088911,61004546.000000,,
BATTERY,4,90.088700,61005858.000000,,
BATTERY,4,90.088700,61005858.000000,,
BATTERY,4,90.088442,61007458.000000,,
BATTERY,4,90.088442,61007458.000000,,
BATTERY,4,90.088179,61009091.000000,,
BATTERY,4,90.088179,61009091.000000,,
BATTERY,4,90.085470,61025903.142420,,
BATTERY,4,90.084051,61028944.142420,,
BATTERY,4,89.927392,62001312.000000,,
BATTERY,4,89.927392,62001312.000000,,
BATTERY,4,89.927077,62003265.000000,,
BATTERY,4,89.927077,62003265.000000,,
BATTERY,4,89.926866,62004578.000000,,
BATTERY,4,89.926866,62004578.000000,,
BATTERY,4,89.926654,62005891.000000,,
BATTERY,4,89.926654,62005891.000000,,
BATTERY,4,89.926345,62007811.000000,,
BATTERY,4,89.926345,62007811.000000,,
BATTERY,4,89.926133,62009124.000000,,
BATTERY,4,89.926133,62009124.000000,,
BATTERY,4,89.925773,62011364.000000,,
BATTERY,4,89.925773,62011364.000000,,
BATTERY,4,89.925494,62013093.000000,,
BATTERY,4,89.924941,62014278.000000,,
BATTERY,4,89.923068,62025903.142420,,
BATTERY,4,89.921649,62028944.142420,,
BATTERY,4,89.764990,63001312.000000,,
BATTERY,4,89.764990,63001312.000000,,
BATTERY,4,89.764732,63002912.000000,,
BATTERY,4,89.764732,63002912.000000,,
BATTERY,4,89.764706,63003074.000000,,
BATTERY,4,89.764153,63004259.000000,,
BATTERY,4,89.763844,63006178.000000,,
BATTERY,4,89.763844,63006178.000000,,
BATTERY,4,89.763580,63007811.000000,,
BATTERY,4,89.763580,63007811.000000,,
BATTERY,4,89.763317,63009444.000000,,
BATTERY,4,89.763317,63009444.000000,,
BATTERY,4,89.760459,63027183.142420,,
BATTERY,4,89.759040,63030224.142420,,
BATTERY,4,89.602587,64001312.000000,,
BATTERY,4,89.602587,64001312.000000,,
BATTERY,4,89.602278,64003232.000000,,
BATTERY,4,89.602278,64003232.000000,,
BATTERY,4,89.602061,64004578.000000,,
BATTERY,4,89.602061,64004578.000000,,
BATTERY,4,89.601782,64006307.000000,,
BATTERY,4,89.601229,64007492.000000,,
BATTERY,4,89.600967,64009124.000000,,
BATTERY,4,89.600967,64009124.000000,,
BATTERY,4,89.600657,64011044.000000,,
BATTERY,4,89.600657,64011044.000000,,
BATTERY,4,89.598263,64025903.142420,,
BATTERY,4,89.596844,64028944.142420,,
BATTERY,4,89.440185,65001312.000000,,
BATTERY,4,89.440185,65001312.000000,,
BATTERY,4,89.439973,65002625.000000,,
BATTERY,4,89.439973,65002625.000000,,
BATTERY,4,89.439803,65003681.000000,,
BATTERY,4,89.439250,65004866.000000,,
BATTERY,4,89.438781,65007778.000000,,
BATTERY,4,89.438781,65007778.000000,,
BATTERY,4,89.438260,65011011.000000,,
BATTERY,4,89.438260,65011011.000000,,
BATTERY,4,89.435758,65026543.142420,,
BATTERY,4,89.434339,65029584.142420,,
BATTERY,4,89.277576,66002592.000000,,
BATTERY,4,89.277576,66002592.000000,,
BATTERY,4,89.277365,66003905.000000,,
BATTERY,4,89.277365,66003905.000000,,
BATTERY,4,89.277153,66005218.000000,,
BATTERY,4,89.277153,66005218.000000,,
BATTERY,4,89.276895,66006818.000000,,
BATTERY,4,89.276895,66006818.000000,,
BATTERY,4,89.276575,66008804.000000,,
BATTERY,4,89.276575,66008804.000000,,
BATTERY,4,89.276348,66010213.000000,,
BATTERY,4,89.275795,66011398.000000,,
BATTERY,4,89.273304,66026863.142420,,
BATTERY,4,89.271885,66029904.142420,,
BATTERY,4,89.115329,67001632.000000,,
BATTERY,4,89.115329,67001632.000000,,
BATTERY,4,89.115117,67002945.000000,,
BATTERY,4,89.115117,67002945.000000,,
BATTERY,4,89.114802,67004898.000000,,
BATTERY,4,89.114802,67004898.000000,,
BATTERY,4,89.114730,67005347.000000,,
BATTERY,4,89.114177,67006532.000000,,
BATTERY,4,89.113919,67008131.000000,,
BATTERY,4,89.113919,67008131.000000,,
BATTERY,4,89.113399,67011364.000000,,
BATTERY,4,89.113399,67011364.000000,,
BATTERY,4,89.110850,67027183.142420,,
BATTERY,4,89.109431,67030224.142420,,
BATTERY,4,88.952978,68001312.000000,,
BATTERY,4,88.952978,68001312.000000,,
BATTERY,4,88.952957,68001441.000000,,
BATTERY,4,88.952404,68002626.000000,,
BATTERY,4,88.952193,68003938.000000,,
BATTERY,4,88.952193,68003938.000000,,
BATTERY,4,88.951935,68005538.000000,,
BATTERY,4,88.951935,68005538.000000,,
BATTERY,4,88.951723,68006851.000000,,
BATTERY,4,88.951723,68006851.000000,,
BATTERY,4,88.951151,68010404.000000,,
BATTERY,4,88.951151,68010404.000000,,
BATTERY,4,88.948602,68026223.142420,,
BATTERY,4,88.947183,68029264.142420,,
BATTERY,4,88.790575,69001312.000000,,
BATTERY,4,88.790575,69001312.000000,,
BATTERY,4,88.790266,69003232.000000,,
BATTERY,4,88.790266,69003232.000000,,
BATTERY,4,88.790194,69003681.000000,,
BATTERY,4,88.789641,69004866.000000,,
BATTERY,4,88.789326,69006818.000000,,
BATTERY,4,88.789326,69006818.000000,,
BATTERY,4,88.789068,69008418.000000,,
BATTERY,4,88.789068,69008418.000000,,
BATTERY,4,88.788805,69010051.000000,,
BATTERY,4,88.788805,69010051.000000,,
BATTERY,4,88.785994,69027503.142420,,
BATTERY,4,88.784574,69030544.142420,,
BATTERY,4,88.628121,70001632.000000,,
BATTERY,4,88.628121,70001632.000000,,
BATTERY,4,88.627910,70002945.000000,,
BATTERY,4,88.627910,70002945.000000,,
BATTERY,4,88.627698,70004258.000000,,
BATTERY,4,88.627698,70004258.000000,,
BATTERY,4,88.627332,70006531.000000,,
BATTERY,4,88.627332,70006531.000000,,
BATTERY,4,88.626966,70008804.000000,,
BATTERY,4,88.626966,70008804.000000,,
BATTERY,4,88.626894,70009253.000000,,
BATTERY,4,88.626341,70010438.000000,,
BATTERY,4,88.626083,70012037.000000,,
BATTERY,4,88.626083,70012037.000000,,
BATTERY,4,88.623849,70025903.142420,,
BATTERY,4,88.622430,70028944.142420,,
BATTERY,4,88.465771,71001312.000000,,
BATTERY,4,88.465771,71001312.000000,,
BATTERY,4,88.465456,71003265.000000,,
BATTERY,4,88.465456,71003265.000000,,
BATTERY,4,88.465244,71004578.000000,,
BATTERY,4,88.465244,71004578.000000,,
BATTERY,4,88.465033,71005891.000000,,
BATTERY,4,88.465033,71005891.000000,,
BATTERY,4,88.464770,71007524.000000,,
BATTERY,4,88.464770,71007524.000000,,
BATTERY,4,88.464558,71008837.000000,,
BATTERY,4,88.464558,71008837.000000,,
BATTERY,4,88.464176,71011206.000000,,
BATTERY,4,88.463623,71012391.000000,,
BATTERY,4,88.461395,71026223.142420,,
BATTERY,4,88.459976,71029264.142420,,
BATTERY,4,88.303368,72001312.000000,,
BATTERY,4,88.303368,72001312.000000,,
BATTERY,4,88.303157,72002625.000000,,
BATTERY,4,88.303157,72002625.000000,,
BATTERY,4,88.302945,72003938.000000,,
BATTERY,4,88.302945,72003938.000000,,
BATTERY,4,88.302636,72005858.000000,,
BATTERY,4,88.302636,72005858.000000,,
BATTERY,4,88.302300,72007940.000000,,
BATTERY,4,88.301747,72009125.000000,,
BATTERY,4,88.299044,72025903.142420,,
BATTERY,4,88.297625,72028944.142420,,
BATTERY,4,88.140914,73001632.000000,,
BATTERY,4,88.140914,73001632.000000,,
BATTERY,4,88.140893,73001761.000000,,
BATTERY,4,88.140340,73002946.000000,,
BATTERY,4,88.140026,73004898.000000,,
BATTERY,4,88.140026,73004898.000000,,
BATTERY,4,88.139814,73006211.000000,,
BATTERY,4,88.139814,73006211.000000,,
BATTERY,4,88.136539,73026543.142420,,
BATTERY,4,88.135120,73029584.142420,,
BATTERY,4,87.978703,74000448.000000,,
BATTERY,4,87.978150,74001633.000000,,
BATTERY,4,87.977887,74003265.000000,,
BATTERY,4,87.977887,74003265.000000,,
BATTERY,4,87.977629,74004865.000000,,
BATTERY,4,87.977629,74004865.000000,,
BATTERY,4,87.977366,74006498.000000,,
BATTERY,4,87.977366,74006498.000000,,
BATTERY,4,87.974085,74026863.142420,,
BATTERY,4,87.972666,74029904.142420,,
BATTERY,4,87.816300,75000448.000000,,
BATTERY,4,87.815747,75001633.000000,,
BATTERY,4,87.815536,75002945.000000,,
BATTERY,4,87.815536,75002945.000000,,
BATTERY,4,87.815324,75004258.000000,,
BATTERY,4,87.815324,75004258.000000,,
BATTERY,4,87.815061,75005891.000000,,
BATTERY,4,87.815061,75005891.000000,,
BATTERY,4,87.814592,75008804.000000,,
BATTERY,4,87.814592,75008804.000000,,
BATTERY,4,87.814277,75010757.000000,,
BATTERY,4,87.814277,75010757.000000,,
BATTERY,4,87.811631,75027183.142420,,
BATTERY,4,87.810212,75030224.142420,,
BATTERY,4,87.653759,76001312.000000,,
BATTERY,4,87.653759,76001312.000000,,
BATTERY,4,87.653547,76002625.000000,,
BATTERY,4,87.653547,76002625.000000,,
BATTERY,4,87.653336,76003938.000000,,
BATTERY,4,87.653336,76003938.000000,,
BATTERY,4,87.653072,76005571.000000,,
BATTERY,4,87.653072,76005571.000000,,
BATTERY,4,87.652861,76006884.000000,,
BATTERY,4,87.652861,76006884.000000,,
BATTERY,4,87.652789,76007333.000000,,
BATTERY,4,87.652236,76008518.000000,,
BATTERY,4,87.649331,76026543.142420,,
BATTERY,4,87.647912,76029584.142420,,
BATTERY,4,87.491305,77001632.000000,,
BATTERY,4,87.491305,77001632.000000,,
BATTERY,4,87.491093,77002945.000000,,
BATTERY,4,87.491093,77002945.000000,,
BATTERY,4,87.490830,77004578.000000,,
BATTERY,4,87.490830,77004578.000000,,
BATTERY,4,87.490572,77006178.000000,,
BATTERY,4,87.490572,77006178.000000,,
BATTERY,4,87.490294,77007907.000000,,
BATTERY,4,87.489741,77009092.000000,,
BATTERY,4,87.487084,77025583.142420,,
BATTERY,4,87.485665,77028624.142420,,
BATTERY,4,87.328954,78001312.000000,,
BATTERY,4,87.328954,78001312.000000,,
BATTERY,4,87.328742,78002625.000000,,
BATTERY,4,87.328742,78002625.000000,,
BATTERY,4,87.328381,78004865.000000,,
BATTERY,4,87.328381,78004865.000000,,
BATTERY,4,87.328010,78007171.000000,,
BATTERY,4,87.328010,78007171.000000,,
BATTERY,4,87.327695,78009124.000000,,
BATTERY,4,87.327695,78009124.000000,,
BATTERY,4,87.327674,78009253.000000,,
BATTERY,4,87.327121,78010438.000000,,
BATTERY,4,87.324424,78027183.142420,,
BATTERY,4,87.323004,78030224.142420,,
BATTERY,4,87.166742,79000128.000000,,
BATTERY,4,87.166189,79001313.000000,,
BATTERY,4,87.165978,79002625.000000,,
BATTERY,4,87.165978,79002625.000000,,
BATTERY,4,87.165766,79003938.000000,,
BATTERY,4,87.165766,79003938.000000,,
BATTERY,4,87.165503,79005571.000000,,
BATTERY,4,87.165503,79005571.000000,,
BATTERY,4,87.165189,79007524.000000,,
BATTERY,4,87.165189,79007524.000000,,
BATTERY,4,87.164874,79009477.000000,,
BATTERY,4,87.164874,79009477.000000,,
BATTERY,4,87.162073,79026863.142420,,
BATTERY,4,87.160654,79029904.142420,,
BATTERY,4,87.004097,80001632.000000,,
BATTERY,4,87.004097,80001632.000000,,
BATTERY,4,87.003886,80002945.000000,,
BATTERY,4,87.003886,80002945.000000,,
BATTERY,4,87.003571,80004898.000000,,
BATTERY,4,87.003571,80004898.000000,,
BATTERY,4,87.003257,80006851.000000,,
BATTERY,4,87.003257,80006851.000000,,
BATTERY,4,87.002942,80008804.000000,,
BATTERY,4,87.002942,80008804.000000,,
BATTERY,4,87.002627,80010757.000000,,
BATTERY,4,87.002627,80010757.000000,,
BATTERY,4,87.002297,80012806.000000,,
BATTERY,4,87.001744,80013991.000000,,
BATTERY,4,86.999773,80026223.142420,,
BATTERY,4,86.998354,80029264.142420,,
BATTERY,4,86.841937,81000128.000000,,
BATTERY,4,86.841384,81001313.000000,,
BATTERY,4,86.841173,81002625.000000,,
BATTERY,4,86.841173,81002625.000000,,
BATTERY,4,86.840961,81003938.000000,,
BATTERY,4,86.840961,81003938.000000,,
BATTERY,4,86.840750,81005251.000000,,
BATTERY,4,86.840750,81005251.000000,,
BATTERY,4,86.840441,81007171.000000,,
BATTERY,4,86.840441,81007171.000000,,
BATTERY,4,86.840224,81008517.000000,,
BATTERY,4,86.840224,81008517.000000,,
BATTERY,4,86.837423,81025903.142420,,
BATTERY,4,86.836004,81028944.142420,,
BATTERY,4,86.679293,82001632.000000,,
BATTERY,4,86.679293,82001632.000000,,
BATTERY,4,86.679220,82002081.000000,,
BATTERY,4,86.678667,82003266.000000,,
BATTERY,4,86.678353,82005218.000000,,
BATTERY,4,86.678353,82005218.000000,,
BATTERY,4,86.677987,82007491.000000,,
BATTERY,4,86.677987,82007491.000000,,
BATTERY,4,86.677414,82011044.000000,,
BATTERY,4,86.677414,82011044.000000,,
BATTERY,4,86.675072,82025583.142420,,
BATTERY,4,86.673653,82028624.142420,,
BATTERY,4,86.516942,83001312.000000,,
BATTERY,4,86.516942,83001312.000000,,
BATTERY,4,86.516684,83002912.000000,,
BATTERY,4,86.516684,83002912.000000,,
BATTERY,4,86.516658,83003074.000000,,
BATTERY,4,86.516105,83004259.000000,,
BATTERY,4,86.515842,83005891.000000,,
BATTERY,4,86.515842,83005891.000000,,
BATTERY,4,86.515579,83007524.000000,,
BATTERY,4,86.515579,83007524.000000,,
BATTERY,4,86.515213,83009797.000000,,
BATTERY,4,86.515213,83009797.000000,,
BATTERY,4,86.512721,83025263.142420,,
BATTERY,4,86.511302,83028304.142420,,
BATTERY,4,86.354539,84001312.000000,,
BATTERY,4,86.354539,84001312.000000,,
BATTERY,4,86.354472,84001728.000000,,
BATTERY,4,86.353919,84002913.000000,,
BATTERY,4,86.353657,84004545.000000,,
BATTERY,4,86.353657,84004545.000000,,
BATTERY,4,86.353130,84007811.000000,,
BATTERY,4,86.353130,84007811.000000,,
BATTERY,4,86.350009,84027183.142420,,
BATTERY,4,86.348590,84030224.142420,,
BATTERY,4,86.192034,85001952.000000,,
BATTERY,4,86.192034,85001952.000000,,
BATTERY,4,86.191822,85003265.000000,,
BATTERY,4,86.191822,85003265.000000,,
BATTERY,4,86.191750,85003714.000000,,
BATTERY,4,86.191197,85004899.000000,,
BATTERY,4,86.190986,85006211.000000,,
BATTERY,4,86.190986,85006211.000000,,
BATTERY,4,86.190774,85007524.000000,,
BATTERY,4,86.190774,85007524.000000,,
BATTERY,4,86.190253,85010757.000000,,
BATTERY,4,86.190253,85010757.000000,,
BATTERY,4,86.187813,85025903.142420,,
BATTERY,4,86.186394,85028944.142420,,
BATTERY,4,86.029735,86001312.000000,,
BATTERY,4,86.029735,86001312.000000,,
BATTERY,4,86.029523,86002625.000000,,
BATTERY,4,86.029523,86002625.000000,,
BATTERY,4,86.029451,86003074.000000,,
BATTERY,4,86.028898,86004259.000000,,
BATTERY,4,86.028532,86006531.000000,,
BATTERY,4,86.028532,86006531.000000,,
BATTERY,4,86.028114,86009124.000000,,
BATTERY,4,86.028114,86009124.000000,,
BATTERY,4,86.025514,86025263.142420,,
BATTERY,4,86.024095,86028304.142420,,
BATTERY,4,85.867420,87000768.000000,,
BATTERY,4,85.866867,87001953.000000,,
BATTERY,4,85.866656,87003265.000000,,
BATTERY,4,85.866656,87003265.000000,,
BATTERY,4,85.866341,87005218.000000,,
BATTERY,4,85.866341,87005218.000000,,
BATTERY,4,85.866026,87007171.000000,,
BATTERY,4,85.866026,87007171.000000,,
BATTERY,4,85.862854,87026863.142420,,
BATTERY,4,85.861435,87029904.142420,,
BATTERY,4,85.704878,88001632.000000,,
BATTERY,4,85.704878,88001632.000000,,
BATTERY,4,85.704621,88003232.000000,,
BATTERY,4,85.704621,88003232.000000,,
BATTERY,4,85.704357,88004865.000000,,
BATTERY,4,85.704357,88004865.000000,,
BATTERY,4,85.704285,88005314.000000,,
BATTERY,4,85.703732,88006499.000000,,
BATTERY,4,85.703418,88008451.000000,,
BATTERY,4,85.703418,88008451.000000,,
BATTERY,4,85.703155,88010084.000000,,
BATTERY,4,85.703155,88010084.000000,,
BATTERY,4,85.700503,88026543.142420,,
BATTERY,4,85.699084,88029584.142420,,
BATTERY,4,85.542528,89001312.000000,,
BATTERY,4,85.542528,89001312.000000,,
BATTERY,4,85.542507,89001441.000000,,
BATTERY,4,85.541954,89002626.000000,,
BATTERY,4,85.541742,89003938.000000,,
BATTERY,4,85.541742,89003938.000000,,
BATTERY,4,85.541531,89005251.000000,,
BATTERY,4,85.541531,89005251.000000,,
BATTERY,4,85.541319,89006564.000000,,
BATTERY,4,85.541319,89006564.000000,,
BATTERY,4,85.541062,89008164.000000,,
BATTERY,4,85.541062,89008164.000000,,
BATTERY,4,85.540489,89011717.000000,,
BATTERY,4,85.540489,89011717.000000,,
BATTERY,4,85.538204,89025903.142420,,
BATTERY,4,85.536784,89028944.142420,,
BATTERY,4,85.380125,90001312.000000,,
BATTERY,4,85.380125,90001312.000000,,
BATTERY,4,85.379867,90002912.000000,,
BATTERY,4,85.379867,90002912.000000,,
BATTERY,4,85.379687,90004034.000000,,
BATTERY,4,85.379134,90005219.000000,,
BATTERY,4,85.378922,90006531.000000,,
BATTERY,4,85.378922,90006531.000000,,
BATTERY,4,85.375853,90025583.142420,,
BATTERY,4,85.374434,90028624.142420,,
BATTERY,4,85.217723,91001312.000000,,
BATTERY,4,85.217723,91001312.000000,,
BATTERY,4,85.217511,91002625.000000,,
BATTERY,4,85.217511,91002625.000000,,
BATTERY,4,85.217490,91002754.000000,,
BATTERY,4,85.216937,91003939.000000,,
BATTERY,4,85.216680,91005538.000000,,
BATTERY,4,85.216680,91005538.000000,,
BATTERY,4,85.216468,91006851.000000,,
BATTERY,4,85.216468,91006851.000000,,
BATTERY,4,85.216210,91008451.000000,,
BATTERY,4,85.216210,91008451.000000,,
BATTERY,4,85.213193,91027183.142420,,
BATTERY,4,85.211773,91030224.142420,,
BATTERY,4,85.055320,92001312.000000,,
BATTERY,4,85.055320,92001312.000000,,
BATTERY,4,85.055109,92002625.000000,,
BATTERY,4,85.055109,92002625.000000,,
BATTERY,4,85.054897,92003938.000000,,
BATTERY,4,85.054897,92003938.000000,,
BATTERY,4,85.054634,92005571.000000,,
BATTERY,4,85.054634,92005571.000000,,
BATTERY,4,85.054516,92006307.000000,,
BATTERY,4,85.053963,92007492.000000,,
BATTERY,4,85.053746,92008837.000000,,
BATTERY,4,85.053746,92008837.000000,,
BATTERY,4,85.053380,92011110.000000,,
BATTERY,4,85.053380,92011110.000000,,
BATTERY,4,85.050996,92025903.142420,,
BATTERY,4,85.049577,92028944.142420,,
BATTERY,4,84.892918,93001312.000000,,
BATTERY,4,84.892918,93001312.000000,,
BATTERY,4,84.892706,93002625.000000,,
BATTERY,4,84.892706,93002625.000000,,
BATTERY,4,84.892583,93003394.000000,,
BATTERY,4,84.892030,93004579.000000,,
BATTERY,4,84.891818,93005891.000000,,
BATTERY,4,84.891818,93005891.000000,,
BATTERY,4,84.891560,93007491.000000,,
BATTERY,4,84.891560,93007491.000000,,
BATTERY,4,84.890988,93011044.000000,,
BATTERY,4,84.890988,93011044.000000,,
BATTERY,4,84.888491,93026543.142420,,
BATTERY,4,84.887072,93029584.142420,,
BATTERY,4,84.730516,94001312.000000,,
BATTERY,4,84.730516,94001312.000000,,
BATTERY,4,84.730252,94002945.000000,,
BATTERY,4,84.730252,94002945.000000,,
BATTERY,4,84.730041,94004258.000000,,
BATTERY,4,84.730041,94004258.000000,,
BATTERY,4,84.729829,94005571.000000,,
BATTERY,4,84.729829,94005571.000000,,
BATTERY,4,84.729762,94005987.000000,,
BATTERY,4,84.729209,94007172.000000,,
BATTERY,4,84.728946,94008804.000000,,
BATTERY,4,84.728946,94008804.000000,,
BATTERY,4,84.728529,94011397.000000,,
BATTERY,4,84.728529,94011397.000000,,
BATTERY,4,84.725934,94027503.142420,,
BATTERY,4,84.724515,94030544.142420,,
BATTERY,4,84.568010,95001952.000000,,
BATTERY,4,84.568010,95001952.000000,,
BATTERY,4,84.567799,95003265.000000,,
BATTERY,4,84.567799,95003265.000000,,
BATTERY,4,84.567541,95004865.000000,,
BATTERY,4,84.567541,95004865.000000,,
BATTERY,4,84.567324,95006211.000000,,
BATTERY,4,84.567324,95006211.000000,,
BATTERY,4,84.567205,95006947.000000,,
BATTERY,4,84.566652,95008132.000000,,
BATTERY,4,84.566389,95009764.000000,,
BATTERY,4,84.566389,95009764.000000,,
BATTERY,4,84.563531,95027503.142420,,
BATTERY,4,84.562112,95030544.142420,,
BATTERY,4,84.405711,96001312.000000,,
BATTERY,4,84.405711,96001312.000000,,
BATTERY,4,84.405453,96002912.000000,,
BATTERY,4,84.405453,96002912.000000,,
BATTERY,4,84.405236,96004258.000000,,
BATTERY,4,84.405236,96004258.000000,,
BATTERY,4,84.404973,96005891.000000,,
BATTERY,4,84.404973,96005891.000000,,
BATTERY,4,84.404849,96006660.000000,,
BATTERY,4,84.404296,96007845.000000,,
BATTERY,4,84.401232,96026863.142420,,
BATTERY,4,84.399813,96029904.142420,,
BATTERY,4,84.243154,97002272.000000,,
BATTERY,4,84.243154,97002272.000000,,
BATTERY,4,84.242942,97003585.000000,,
BATTERY,4,84.242942,97003585.000000,,
BATTERY,4,84.242684,97005185.000000,,
BATTERY,4,84.242684,97005185.000000,,
BATTERY,4,84.242612,97005634.000000,,
BATTERY,4,84.242059,97006819.000000,,
BATTERY,4,84.241750,97008738.000000,,
BATTERY,4,84.241750,97008738.000000,,
BATTERY,4,84.238881,97026543.142420,,
BATTERY,4,84.237462,97029584.142420,,
BATTERY,4,84.080906,98001312.000000,,
BATTERY,4,84.080906,98001312.000000,,
BATTERY,4,84.080839,98001728.000000,,
BATTERY,4,84.080286,98002913.000000,,
BATTERY,4,84.079972,98004865.000000,,
BATTERY,4,84.079972,98004865.000000,,
BATTERY,4,84.079708,98006498.000000,,
BATTERY,4,84.079708,98006498.000000,,
BATTERY,4,84.079451,98008098.000000,,
BATTERY,4,84.079451,98008098.000000,,
BATTERY,4,84.078930,98011331.000000,,
BATTERY,4,84.078930,98011331.000000,,
BATTERY,4,84.076376,98027183.142420,,
BATTERY,4,84.074957,98030224.142420,,
BATTERY,4,83.918452,99001632.000000,,
BATTERY,4,83.918452,99001632.000000,,
BATTERY,4,83.918241,99002945.000000,,
BATTERY,4,83.918241,99002945.000000,,
BATTERY,4,83.918168,99003394.000000,,
BATTERY,4,83.917615,99004579.000000,,
BATTERY,4,83.917301,99006531.000000,,
BATTERY,4,83.917301,99006531.000000,,
BATTERY,4,83.916935,99008804.000000,,
BATTERY,4,83.916935,99008804.000000,,
BATTERY,4,83.914180,99025903.142420,,
BATTERY,4,83.912761,99028944.142420,,
BATTERY,4,83.912757,99028967.702420,,
