BATTERY,5,99.995316,29071.142420,,
BATTERY,5,99.995316,29071.142420,,
BATTERY,5,99.994579,33647.142420,,
BATTERY,5,99.994579,33647.142420,,
BATTERY,5,99.993996,37264.142420,,
BATTERY,5,99.993996,37264.142420,,
BATTERY,5,99.993414,40881.142420,,
BATTERY,5,99.993414,40881.142420,,
BATTERY,5,99.992779,44818.142420,,
BATTERY,5,99.992779,44818.142420,,
BATTERY,5,99.992759,44947.142420,,
BATTERY,5,99.991130,48436.142420,,
BATTERY,5,99.990548,52052.142420,,
BATTERY,5,99.990548,52052.142420,,
BATTERY,5,99.942540,350031.142420,,
BATTERY,5,99.942540,350031.142420,,
BATTERY,5,99.942468,350479.142420,,
BATTERY,5,99.940840,353968.142420,,
BATTERY,5,99.940205,357904.142420,,
BATTERY,5,99.940205,357904.142420,,
BATTERY,5,99.939468,362481.142420,,
BATTERY,5,99.939468,362481.142420,,
BATTERY,5,99.938834,366418.142420,,
BATTERY,5,99.938834,366418.142420,,
BATTERY,5,99.851097,910991.142420,,
BATTERY,5,99.851097,910991.142420,,
BATTERY,5,99.851025,911439.142420,,
BATTERY,5,99.849397,914928.142420,,
BATTERY,5,99.848814,918544.142420,,
BATTERY,5,99.848814,918544.142420,,
BATTERY,5,99.848231,922161.142420,,
BATTERY,5,99.848231,922161.142420,,
BATTERY,5,99.847597,926098.142420,,
BATTERY,5,99.847597,926098.142420,,
BATTERY,5,99.846911,930355.142420,,
BATTERY,5,99.846911,930355.142420,,
BATTERY,5,99.846277,934292.142420,,
BATTERY,5,99.846277,934292.142420,,
BATTERY,5,99.835221,1002912.000000,,
BATTERY,5,99.835221,1002912.000000,,
BATTERY,5,99.674317,2001632.000000,,
BATTERY,5,99.674317,2001632.000000,,
BATTERY,5,99.674059,2003232.000000,,
BATTERY,5,99.674059,2003232.000000,,
BATTERY,5,99.673847,2004545.000000,,
BATTERY,5,99.673847,2004545.000000,,
BATTERY,5,99.673672,2005634.000000,,
BATTERY,5,99.673119,2006819.000000,,
BATTERY,5,99.672804,2008771.000000,,
BATTERY,5,99.672804,2008771.000000,,
BATTERY,5,99.512895,3001312.000000,,
BATTERY,5,99.512895,3001312.000000,,
BATTERY,5,99.512637,3002912.000000,,
BATTERY,5,99.512637,3002912.000000,,
BATTERY,5,99.512560,3003394.000000,,
BATTERY,5,99.512007,3004579.000000,,
BATTERY,5,99.511697,3006498.000000,,
BATTERY,5,99.511697,3006498.000000,,
BATTERY,5,99.511125,3010051.000000,,
BATTERY,5,99.511125,3010051.000000,,
BATTERY,5,99.351370,4001632.000000,,
BATTERY,5,99.351370,4001632.000000,,
BATTERY,5,99.351112,4003232.000000,,
BATTERY,5,99.351112,4003232.000000,,
BATTERY,5,99.350901,4004545.000000,,
BATTERY,5,99.350901,4004545.000000,,
BATTERY,5,99.350643,4006145.000000,,
BATTERY,5,99.350643,4006145.000000,,
BATTERY,5,99.350426,4007491.000000,,
BATTERY,5,99.350426,4007491.000000,,
BATTERY,5,99.350405,4007620.000000,,
BATTERY,5,99.349852,4008805.000000,,
BATTERY,5,99.349332,4012037.000000,,
BATTERY,5,99.349332,4012037.000000,,
BATTERY,5,99.189897,5001632.000000,,
BATTERY,5,99.189897,5001632.000000,,
BATTERY,5,99.189639,5003232.000000,,
BATTERY,5,99.189639,5003232.000000,,
BATTERY,5,99.189618,5003361.000000,,
BATTERY,5,99.189065,5004546.000000,,
BATTERY,5,99.188808,5006145.000000,,
BATTERY,5,99.188808,5006145.000000,,
BATTERY,5,99.188545,5007778.000000,,
BATTERY,5,99.188545,5007778.000000,,
BATTERY,5,99.188179,5010051.000000,,
BATTERY,5,99.188179,5010051.000000,,
BATTERY,5,99.028475,6001312.000000,,
BATTERY,5,99.028475,6001312.000000,,
BATTERY,5,99.028455,6001441.000000,,
BATTERY,5,99.027902,6002626.000000,,
BATTERY,5,99.027644,6004225.000000,,
BATTERY,5,99.027644,6004225.000000,,
BATTERY,5,99.027381,6005858.000000,,
BATTERY,5,99.027381,6005858.000000,,
BATTERY,5,99.027169,6007171.000000,,
BATTERY,5,99.027169,6007171.000000,,
BATTERY,5,99.026752,6009764.000000,,
BATTERY,5,99.026752,6009764.000000,,
BATTERY,5,98.867002,7001312.000000,,
BATTERY,5,98.867002,7001312.000000,,
BATTERY,5,98.866791,7002625.000000,,
BATTERY,5,98.866791,7002625.000000,,
BATTERY,5,98.866724,7003041.000000,,
BATTERY,5,98.866171,7004226.000000,,
BATTERY,5,98.865856,7006178.000000,,
BATTERY,5,98.865856,7006178.000000,,
BATTERY,5,98.865438,7008771.000000,,
BATTERY,5,98.865438,7008771.000000,,
BATTERY,5,98.865227,7010084.000000,,
BATTERY,5,98.865227,7010084.000000,,
BATTERY,5,98.705668,8000448.000000,,
BATTERY,5,98.705115,8001633.000000,,
BATTERY,5,98.704904,8002945.000000,,
BATTERY,5,98.704904,8002945.000000,,
BATTERY,5,98.704486,8005538.000000,,
BATTERY,5,98.704486,8005538.000000,,
BATTERY,5,98.704171,8007491.000000,,
BATTERY,5,98.704171,8007491.000000,,
BATTERY,5,98.703908,8009124.000000,,
BATTERY,5,98.703908,8009124.000000,,
BATTERY,5,98.544056,9001312.000000,,
BATTERY,5,98.544056,9001312.000000,,
BATTERY,5,98.543989,9001728.000000,,
BATTERY,5,98.543436,9002913.000000,,
BATTERY,5,98.543219,9004258.000000,,
BATTERY,5,98.543219,9004258.000000,,
BATTERY,5,98.542910,9006178.000000,,
BATTERY,5,98.542910,9006178.000000,,
BATTERY,5,98.542544,9008451.000000,,
BATTERY,5,98.542544,9008451.000000,,
BATTERY,5,98.542023,9011684.000000,,
BATTERY,5,98.542023,9011684.000000,,
BATTERY,5,98.382376,10002592.000000,,
BATTERY,5,98.382376,10002592.000000,,
BATTERY,5,98.382356,10002721.000000,,
BATTERY,5,98.381803,10003906.000000,,
BATTERY,5,98.381545,10005505.000000,,
BATTERY,5,98.381545,10005505.000000,,
BATTERY,5,98.381230,10007458.000000,,
BATTERY,5,98.381230,10007458.000000,,
BATTERY,5,98.380864,10009731.000000,,
BATTERY,5,98.380864,10009731.000000,,
BATTERY,5,98.221109,11001312.000000,,
BATTERY,5,98.221109,11001312.000000,,
BATTERY,5,98.220846,11002945.000000,,
BATTERY,5,98.220846,11002945.000000,,
BATTERY,5,98.220589,11004545.000000,,
BATTERY,5,98.220589,11004545.000000,,
BATTERY,5,98.220377,11005858.000000,,
BATTERY,5,98.220377,11005858.000000,,
BATTERY,5,98.220114,11007491.000000,,
BATTERY,5,98.220114,11007491.000000,,
BATTERY,5,98.219902,11008804.000000,,
BATTERY,5,98.219902,11008804.000000,,
BATTERY,5,98.219882,11008933.000000,,
BATTERY,5,98.219329,11010118.000000,,
BATTERY,5,98.059636,12001312.000000,,
BATTERY,5,98.059636,12001312.000000,,
BATTERY,5,98.059373,12002945.000000,,
BATTERY,5,98.059373,12002945.000000,,
BATTERY,5,98.059162,12004258.000000,,
BATTERY,5,98.059162,12004258.000000,,
BATTERY,5,98.059095,12004674.000000,,
BATTERY,5,98.058542,12005859.000000,,
BATTERY,5,98.057969,12009411.000000,,
BATTERY,5,98.057969,12009411.000000,,
BATTERY,5,97.898163,13001312.000000,,
BATTERY,5,97.898163,13001312.000000,,
BATTERY,5,97.897900,13002945.000000,,
BATTERY,5,97.897900,13002945.000000,,
BATTERY,5,97.897642,13004545.000000,,
BATTERY,5,97.897642,13004545.000000,,
BATTERY,5,97.897564,13005027.000000,,
BATTERY,5,97.897011,13006212.000000,,
BATTERY,5,97.896702,13008131.000000,,
BATTERY,5,97.896702,13008131.000000,,
BATTERY,5,97.896181,13011364.000000,,
BATTERY,5,97.896181,13011364.000000,,
BATTERY,5,97.736690,14001312.000000,,
BATTERY,5,97.736690,14001312.000000,,
BATTERY,5,97.736478,14002625.000000,,
BATTERY,5,97.736478,14002625.000000,,
BATTERY,5,97.736406,14003074.000000,,
BATTERY,5,97.735853,14004259.000000,,
BATTERY,5,97.735544,14006178.000000,,
BATTERY,5,97.735544,14006178.000000,,
BATTERY,5,97.735332,14007491.000000,,
BATTERY,5,97.735332,14007491.000000,,
BATTERY,5,97.735074,14009091.000000,,
BATTERY,5,97.735074,14009091.000000,,
BATTERY,5,97.734502,14012644.000000,,
BATTERY,5,97.734502,14012644.000000,,
BATTERY,5,97.575114,15001952.000000,,
BATTERY,5,97.575114,15001952.000000,,
BATTERY,5,97.574902,15003265.000000,,
BATTERY,5,97.574902,15003265.000000,,
BATTERY,5,97.574639,15004898.000000,,
BATTERY,5,97.574639,15004898.000000,,
BATTERY,5,97.574427,15006211.000000,,
BATTERY,5,97.574427,15006211.000000,,
BATTERY,5,97.574216,15007524.000000,,
BATTERY,5,97.574216,15007524.000000,,
BATTERY,5,97.573850,15009797.000000,,
BATTERY,5,97.573850,15009797.000000,,
BATTERY,5,97.573623,15011206.000000,,
BATTERY,5,97.573070,15012391.000000,,
BATTERY,5,97.413934,16000128.000000,,
BATTERY,5,97.413381,16001313.000000,,
BATTERY,5,97.413124,16002912.000000,,
BATTERY,5,97.413124,16002912.000000,,
BATTERY,5,97.412907,16004258.000000,,
BATTERY,5,97.412907,16004258.000000,,
BATTERY,5,97.412597,16006178.000000,,
BATTERY,5,97.412597,16006178.000000,,
BATTERY,5,97.412283,16008131.000000,,
BATTERY,5,97.412283,16008131.000000,,
BATTERY,5,97.252270,17001312.000000,,
BATTERY,5,97.252270,17001312.000000,,
BATTERY,5,97.252059,17002625.000000,,
BATTERY,5,97.252059,17002625.000000,,
BATTERY,5,97.251992,17003041.000000,,
BATTERY,5,97.251439,17004226.000000,,
BATTERY,5,97.251176,17005858.000000,,
BATTERY,5,97.251176,17005858.000000,,
BATTERY,5,97.250866,17007778.000000,,
BATTERY,5,97.250866,17007778.000000,,
BATTERY,5,97.090745,18001632.000000,,
BATTERY,5,97.090745,18001632.000000,,
BATTERY,5,97.090678,18002048.000000,,
BATTERY,5,97.090125,18003233.000000,,
BATTERY,5,97.089811,18005185.000000,,
BATTERY,5,97.089811,18005185.000000,,
BATTERY,5,97.089290,18008418.000000,,
BATTERY,5,97.089290,18008418.000000,,
BATTERY,5,96.929272,19001632.000000,,
BATTERY,5,96.929272,19001632.000000,,
BATTERY,5,96.929015,19003232.000000,,
BATTERY,5,96.929015,19003232.000000,,
BATTERY,5,96.928942,19003681.000000,,
BATTERY,5,96.928389,19004866.000000,,
BATTERY,5,96.928132,19006465.000000,,
BATTERY,5,96.928132,19006465.000000,,
BATTERY,5,96.927915,19007811.000000,,
BATTERY,5,96.927915,19007811.000000,,
BATTERY,5,96.927600,19009764.000000,,
BATTERY,5,96.927600,19009764.000000,,
BATTERY,5,96.768041,20000128.000000,,
BATTERY,5,96.767488,20001313.000000,,
BATTERY,5,96.767231,20002912.000000,,
BATTERY,5,96.767231,20002912.000000,,
BATTERY,5,96.767014,20004258.000000,,
BATTERY,5,96.767014,20004258.000000,,
BATTERY,5,96.766756,20005858.000000,,
BATTERY,5,96.766756,20005858.000000,,
BATTERY,5,96.766442,20007811.000000,,
BATTERY,5,96.766442,20007811.000000,,
BATTERY,5,96.606326,21001632.000000,,
BATTERY,5,96.606326,21001632.000000,,
BATTERY,5,96.606114,21002945.000000,,
BATTERY,5,96.606114,21002945.000000,,
BATTERY,5,96.605857,21004545.000000,,
BATTERY,5,96.605857,21004545.000000,,
BATTERY,5,96.605573,21006307.000000,,
BATTERY,5,96.605020,21007492.000000,,
BATTERY,5,96.604499,21010724.000000,,
BATTERY,5,96.604499,21010724.000000,,
BATTERY,5,96.445043,22000448.000000,,
BATTERY,5,96.444490,22001633.000000,,
BATTERY,5,96.444228,22003265.000000,,
BATTERY,5,96.444228,22003265.000000,,
BATTERY,5,96.444016,22004578.000000,,
BATTERY,5,96.444016,22004578.000000,,
BATTERY,5,96.443804,22005891.000000,,
BATTERY,5,96.443804,22005891.000000,,
BATTERY,5,96.443547,22007491.000000,,
BATTERY,5,96.443547,22007491.000000,,
BATTERY,5,96.443284,22009124.000000,,
BATTERY,5,96.443284,22009124.000000,,
BATTERY,5,96.283431,23001312.000000,,
BATTERY,5,96.283431,23001312.000000,,
BATTERY,5,96.283410,23001441.000000,,
BATTERY,5,96.282857,23002626.000000,,
BATTERY,5,96.282594,23004258.000000,,
BATTERY,5,96.282594,23004258.000000,,
BATTERY,5,96.282285,23006178.000000,,
BATTERY,5,96.282285,23006178.000000,,
BATTERY,5,96.281913,23008484.000000,,
BATTERY,5,96.281913,23008484.000000,,
BATTERY,5,96.121958,24001312.000000,,
BATTERY,5,96.121958,24001312.000000,,
BATTERY,5,96.121937,24001441.000000,,
BATTERY,5,96.121384,24002626.000000,,
BATTERY,5,96.121121,24004258.000000,,
BATTERY,5,96.121121,24004258.000000,,
BATTERY,5,96.120910,24005571.000000,,
BATTERY,5,96.120910,24005571.000000,,
BATTERY,5,96.120652,24007171.000000,,
BATTERY,5,96.120652,24007171.000000,,
BATTERY,5,96.120383,24008837.000000,,
BATTERY,5,96.120383,24008837.000000,,
BATTERY,5,95.960485,25001312.000000,,
BATTERY,5,95.960485,25001312.000000,,
BATTERY,5,95.960412,25001761.000000,,
BATTERY,5,95.959859,25002946.000000,,
BATTERY,5,95.959648,25004258.000000,,
BATTERY,5,95.959648,25004258.000000,,
BATTERY,5,95.959333,25006211.000000,,
BATTERY,5,95.959333,25006211.000000,,
BATTERY,5,95.958812,25009444.000000,,
BATTERY,5,95.958812,25009444.000000,,
BATTERY,5,95.799011,26001312.000000,,
BATTERY,5,95.799011,26001312.000000,,
BATTERY,5,95.798991,26001441.000000,,
BATTERY,5,95.798438,26002626.000000,,
BATTERY,5,95.798180,26004225.000000,,
BATTERY,5,95.798180,26004225.000000,,
BATTERY,5,95.797654,26007491.000000,,
BATTERY,5,95.797654,26007491.000000,,
BATTERY,5,95.797185,26010404.000000,,
BATTERY,5,95.797185,26010404.000000,,
BATTERY,5,95.637729,27000128.000000,,
BATTERY,5,95.637176,27001313.000000,,
BATTERY,5,95.636867,27003232.000000,,
BATTERY,5,95.636867,27003232.000000,,
BATTERY,5,95.636604,27004865.000000,,
BATTERY,5,95.636604,27004865.000000,,
BATTERY,5,95.636341,27006498.000000,,
BATTERY,5,95.636341,27006498.000000,,
BATTERY,5,95.635871,27009411.000000,,
BATTERY,5,95.635871,27009411.000000,,
BATTERY,5,95.635557,27011364.000000,,
BATTERY,5,95.635557,27011364.000000,,
BATTERY,5,95.635036,27014597.000000,,
BATTERY,5,95.635036,27014597.000000,,
BATTERY,5,95.476204,28000448.000000,,
BATTERY,5,95.475651,28001633.000000,,
BATTERY,5,95.475394,28003232.000000,,
BATTERY,5,95.475394,28003232.000000,,
BATTERY,5,95.475177,28004578.000000,,
BATTERY,5,95.475177,28004578.000000,,
BATTERY,5,95.474816,28006818.000000,,
BATTERY,5,95.474816,28006818.000000,,
BATTERY,5,95.314540,29001632.000000,,
BATTERY,5,95.314540,29001632.000000,,
BATTERY,5,95.314283,29003232.000000,,
BATTERY,5,95.314283,29003232.000000,,
BATTERY,5,95.313968,29005185.000000,,
BATTERY,5,95.313968,29005185.000000,,
BATTERY,5,95.313901,29005601.000000,,
BATTERY,5,95.313348,29006786.000000,,
BATTERY,5,95.313085,29008418.000000,,
BATTERY,5,95.313085,29008418.000000,,
BATTERY,5,95.312827,29010018.000000,,
BATTERY,5,95.312827,29010018.000000,,
BATTERY,5,95.153119,30001312.000000,,
BATTERY,5,95.153119,30001312.000000,,
BATTERY,5,95.152907,30002625.000000,,
BATTERY,5,95.152907,30002625.000000,,
BATTERY,5,95.152696,30003938.000000,,
BATTERY,5,95.152696,30003938.000000,,
BATTERY,5,95.152675,30004067.000000,,
BATTERY,5,95.152122,30005252.000000,,
BATTERY,5,95.151859,30006884.000000,,
BATTERY,5,95.151859,30006884.000000,,
BATTERY,5,95.151601,30008484.000000,,
BATTERY,5,95.151601,30008484.000000,,
BATTERY,5,94.991646,31001312.000000,,
BATTERY,5,94.991646,31001312.000000,,
BATTERY,5,94.991573,31001761.000000,,
BATTERY,5,94.991020,31002946.000000,,
BATTERY,5,94.990809,31004258.000000,,
BATTERY,5,94.990809,31004258.000000,,
BATTERY,5,94.990443,31006531.000000,,
BATTERY,5,94.990443,31006531.000000,,
BATTERY,5,94.990231,31007844.000000,,
BATTERY,5,94.990231,31007844.000000,,
BATTERY,5,94.989916,31009797.000000,,
BATTERY,5,94.989916,31009797.000000,,
BATTERY,5,94.989396,31013030.000000,,
BATTERY,5,94.989396,31013030.000000,,
BATTERY,5,94.830172,32001312.000000,,
BATTERY,5,94.830172,32001312.000000,,
BATTERY,5,94.830152,32001441.000000,,
BATTERY,5,94.829599,32002626.000000,,
BATTERY,5,94.829289,32004545.000000,,
BATTERY,5,94.829289,32004545.000000,,
BATTERY,5,94.829026,32006178.000000,,
BATTERY,5,94.829026,32006178.000000,,
BATTERY,5,94.828763,32007811.000000,,
BATTERY,5,94.828763,32007811.000000,,
BATTERY,5,94.828294,32010724.000000,,
BATTERY,5,94.828294,32010724.000000,,
BATTERY,5,94.668596,33001952.000000,,
BATTERY,5,94.668596,33001952.000000,,
BATTERY,5,94.668338,33003552.000000,,
BATTERY,5,94.668338,33003552.000000,,
BATTERY,5,94.668075,33005185.000000,,
BATTERY,5,94.668075,33005185.000000,,
BATTERY,5,94.667817,33006785.000000,,
BATTERY,5,94.667817,33006785.000000,,
BATTERY,5,94.667585,33008227.000000,,
BATTERY,5,94.667032,33009412.000000,,
BATTERY,5,94.666460,33012964.000000,,
BATTERY,5,94.666460,33012964.000000,,
BATTERY,5,94.507071,34002272.000000,,
BATTERY,5,94.507071,34002272.000000,,
BATTERY,5,94.506808,34003905.000000,,
BATTERY,5,94.506808,34003905.000000,,
BATTERY,5,94.506597,34005218.000000,,
BATTERY,5,94.506597,34005218.000000,,
BATTERY,5,94.506287,34007138.000000,,
BATTERY,5,94.506287,34007138.000000,,
BATTERY,5,94.506024,34008771.000000,,
BATTERY,5,94.506024,34008771.000000,,
BATTERY,5,94.505849,34009860.000000,,
BATTERY,5,94.505296,34011045.000000,,
BATTERY,5,94.504827,34013957.000000,,
BATTERY,5,94.504827,34013957.000000,,
BATTERY,5,94.345753,35001312.000000,,
BATTERY,5,94.345753,35001312.000000,,
BATTERY,5,94.345490,35002945.000000,,
BATTERY,5,94.345490,35002945.000000,,
BATTERY,5,94.345278,35004258.000000,,
BATTERY,5,94.345278,35004258.000000,,
BATTERY,5,94.345211,35004674.000000,,
BATTERY,5,94.344658,35005859.000000,,
BATTERY,5,94.184280,36001312.000000,,
BATTERY,5,94.184280,36001312.000000,,
BATTERY,5,94.184022,36002912.000000,,
BATTERY,5,94.184022,36002912.000000,,
BATTERY,5,94.183759,36004545.000000,,
BATTERY,5,94.183759,36004545.000000,,
BATTERY,5,94.183738,36004674.000000,,
BATTERY,5,94.183185,36005859.000000,,
BATTERY,5,94.182870,36007811.000000,,
BATTERY,5,94.182870,36007811.000000,,
BATTERY,5,94.182401,36010724.000000,,
BATTERY,5,94.182401,36010724.000000,,
BATTERY,5,94.022806,37001312.000000,,
BATTERY,5,94.022806,37001312.000000,,
BATTERY,5,94.022595,37002625.000000,,
BATTERY,5,94.022595,37002625.000000,,
BATTERY,5,94.022528,37003041.000000,,
BATTERY,5,94.021975,37004226.000000,,
BATTERY,5,94.021712,37005858.000000,,
BATTERY,5,94.021712,37005858.000000,,
BATTERY,5,94.021397,37007811.000000,,
BATTERY,5,94.021397,37007811.000000,,
BATTERY,5,93.861333,38001312.000000,,
BATTERY,5,93.861333,38001312.000000,,
BATTERY,5,93.861312,38001441.000000,,
BATTERY,5,93.860759,38002626.000000,,
BATTERY,5,93.860502,38004225.000000,,
BATTERY,5,93.860502,38004225.000000,,
BATTERY,5,93.860239,38005858.000000,,
BATTERY,5,93.860239,38005858.000000,,
BATTERY,5,93.859718,38009091.000000,,
BATTERY,5,93.859718,38009091.000000,,
BATTERY,5,93.859352,38011364.000000,,
BATTERY,5,93.859352,38011364.000000,,
BATTERY,5,93.699860,39001312.000000,,
BATTERY,5,93.699860,39001312.000000,,
BATTERY,5,93.699648,39002625.000000,,
BATTERY,5,93.699648,39002625.000000,,
BATTERY,5,93.699437,39003938.000000,,
BATTERY,5,93.699437,39003938.000000,,
BATTERY,5,93.699225,39005251.000000,,
BATTERY,5,93.699225,39005251.000000,,
BATTERY,5,93.698968,39006851.000000,,
BATTERY,5,93.698968,39006851.000000,,
BATTERY,5,93.698756,39008164.000000,,
BATTERY,5,93.698756,39008164.000000,,
BATTERY,5,93.698684,39008613.000000,,
BATTERY,5,93.698131,39009798.000000,,
BATTERY,5,93.538335,40001632.000000,,
BATTERY,5,93.538335,40001632.000000,,
BATTERY,5,93.538314,40001761.000000,,
BATTERY,5,93.537761,40002946.000000,,
BATTERY,5,93.537504,40004545.000000,,
BATTERY,5,93.537504,40004545.000000,,
BATTERY,5,93.537292,40005858.000000,,
BATTERY,5,93.537292,40005858.000000,,
BATTERY,5,93.537081,40007171.000000,,
BATTERY,5,93.537081,40007171.000000,,
BATTERY,5,93.536818,40008804.000000,,
BATTERY,5,93.536818,40008804.000000,,
BATTERY,5,93.536560,40010404.000000,,
BATTERY,5,93.536560,40010404.000000,,
BATTERY,5,93.376914,41001312.000000,,
BATTERY,5,93.376914,41001312.000000,,
BATTERY,5,93.376702,41002625.000000,,
BATTERY,5,93.376702,41002625.000000,,
BATTERY,5,93.376681,41002754.000000,,
BATTERY,5,93.376128,41003939.000000,,
BATTERY,5,93.375768,41006178.000000,,
BATTERY,5,93.375768,41006178.000000,,
BATTERY,5,93.375504,41007811.000000,,
BATTERY,5,93.375504,41007811.000000,,
BATTERY,5,93.215389,42001632.000000,,
BATTERY,5,93.215389,42001632.000000,,
BATTERY,5,93.215177,42002945.000000,,
BATTERY,5,93.215177,42002945.000000,,
BATTERY,5,93.215156,42003074.000000,,
BATTERY,5,93.214603,42004259.000000,,
BATTERY,5,93.214341,42005891.000000,,
BATTERY,5,93.214341,42005891.000000,,
BATTERY,5,93.053967,43001312.000000,,
BATTERY,5,93.053967,43001312.000000,,
BATTERY,5,93.053756,43002625.000000,,
BATTERY,5,93.053756,43002625.000000,,
BATTERY,5,93.053544,43003938.000000,,
BATTERY,5,93.053544,43003938.000000,,
BATTERY,5,93.053472,43004387.000000,,
BATTERY,5,93.052919,43005572.000000,,
BATTERY,5,93.052656,43007204.000000,,
BATTERY,5,93.052656,43007204.000000,,
BATTERY,5,93.052398,43008804.000000,,
BATTERY,5,93.052398,43008804.000000,,
BATTERY,5,93.051877,43012037.000000,,
BATTERY,5,93.051877,43012037.000000,,
BATTERY,5,92.892442,44001632.000000,,
BATTERY,5,92.892442,44001632.000000,,
BATTERY,5,92.892231,44002945.000000,,
BATTERY,5,92.892231,44002945.000000,,
BATTERY,5,92.892019,44004258.000000,,
BATTERY,5,92.892019,44004258.000000,,
BATTERY,5,92.891947,44004707.000000,,
BATTERY,5,92.891394,44005892.000000,,
BATTERY,5,92.891136,44007491.000000,,
BATTERY,5,92.891136,44007491.000000,,
BATTERY,5,92.890920,44008837.000000,,
BATTERY,5,92.890920,44008837.000000,,
BATTERY,5,92.731021,45001312.000000,,
BATTERY,5,92.731021,45001312.000000,,
BATTERY,5,92.730763,45002912.000000,,
BATTERY,5,92.730763,45002912.000000,,
BATTERY,5,92.730551,45004225.000000,,
BATTERY,5,92.730551,45004225.000000,,
BATTERY,5,92.730531,45004354.000000,,
BATTERY,5,92.729978,45005539.000000,,
BATTERY,5,92.729720,45007138.000000,,
BATTERY,5,92.729720,45007138.000000,,
BATTERY,5,92.729509,45008451.000000,,
BATTERY,5,92.729509,45008451.000000,,
BATTERY,5,92.729251,45010051.000000,,
BATTERY,5,92.729251,45010051.000000,,
BATTERY,5,92.569548,46001312.000000,,
BATTERY,5,92.569548,46001312.000000,,
BATTERY,5,92.569475,46001761.000000,,
BATTERY,5,92.568922,46002946.000000,,
BATTERY,5,92.568665,46004545.000000,,
BATTERY,5,92.568665,46004545.000000,,
BATTERY,5,92.568402,46006178.000000,,
BATTERY,5,92.568402,46006178.000000,,
BATTERY,5,92.567984,46008771.000000,,
BATTERY,5,92.567984,46008771.000000,,
BATTERY,5,92.408162,47000768.000000,,
BATTERY,5,92.407609,47001953.000000,,
BATTERY,5,92.407346,47003585.000000,,
BATTERY,5,92.407346,47003585.000000,,
BATTERY,5,92.407135,47004898.000000,,
BATTERY,5,92.407135,47004898.000000,,
BATTERY,5,92.406923,47006211.000000,,
BATTERY,5,92.406923,47006211.000000,,
BATTERY,5,92.406711,47007524.000000,,
BATTERY,5,92.406711,47007524.000000,,
BATTERY,5,92.406191,47010757.000000,,
BATTERY,5,92.406191,47010757.000000,,
BATTERY,5,92.246601,48001312.000000,,
BATTERY,5,92.246601,48001312.000000,,
BATTERY,5,92.246534,48001728.000000,,
BATTERY,5,92.245981,48002913.000000,,
BATTERY,5,92.245770,48004225.000000,,
BATTERY,5,92.245770,48004225.000000,,
BATTERY,5,92.245460,48006145.000000,,
BATTERY,5,92.245460,48006145.000000,,
BATTERY,5,92.244940,48009378.000000,,
BATTERY,5,92.244940,48009378.000000,,
BATTERY,5,92.244728,48010691.000000,,
BATTERY,5,92.244728,48010691.000000,,
BATTERY,5,92.085076,49001632.000000,,
BATTERY,5,92.085076,49001632.000000,,
BATTERY,5,92.084953,49002401.000000,,
BATTERY,5,92.084400,49003586.000000,,
BATTERY,5,92.084137,49005218.000000,,
BATTERY,5,92.084137,49005218.000000,,
BATTERY,5,92.083925,49006531.000000,,
BATTERY,5,92.083925,49006531.000000,,
BATTERY,5,92.083559,49008804.000000,,
BATTERY,5,92.083559,49008804.000000,,
BATTERY,5,92.083244,49010757.000000,,
BATTERY,5,92.083244,49010757.000000,,
BATTERY,5,91.923655,50001312.000000,,
BATTERY,5,91.923655,50001312.000000,,
BATTERY,5,91.923443,50002625.000000,,
BATTERY,5,91.923443,50002625.000000,,
BATTERY,5,91.923134,50004545.000000,,
BATTERY,5,91.923134,50004545.000000,,
BATTERY,5,91.922922,50005858.000000,,
BATTERY,5,91.922922,50005858.000000,,
BATTERY,5,91.922850,50006307.000000,,
BATTERY,5,91.922297,50007492.000000,,
BATTERY,5,91.921983,50009444.000000,,
BATTERY,5,91.921983,50009444.000000,,
BATTERY,5,91.921771,50010757.000000,,
BATTERY,5,91.921771,50010757.000000,,
BATTERY,5,91.762269,51000768.000000,,
BATTERY,5,91.761716,51001953.000000,,
BATTERY,5,91.761505,51003265.000000,,
BATTERY,5,91.761505,51003265.000000,,
BATTERY,5,91.761247,51004865.000000,,
BATTERY,5,91.761247,51004865.000000,,
BATTERY,5,91.761030,51006211.000000,,
BATTERY,5,91.761030,51006211.000000,,
BATTERY,5,91.760721,51008131.000000,,
BATTERY,5,91.760721,51008131.000000,,
BATTERY,5,91.760303,51010724.000000,,
BATTERY,5,91.760303,51010724.000000,,
BATTERY,5,91.600708,52001312.000000,,
BATTERY,5,91.600708,52001312.000000,,
BATTERY,5,91.600688,52001441.000000,,
BATTERY,5,91.600135,52002626.000000,,
BATTERY,5,91.599872,52004258.000000,,
BATTERY,5,91.599872,52004258.000000,,
BATTERY,5,91.599609,52005891.000000,,
BATTERY,5,91.599609,52005891.000000,,
BATTERY,5,91.599397,52007204.000000,,
BATTERY,5,91.599397,52007204.000000,,
BATTERY,5,91.599036,52009444.000000,,
BATTERY,5,91.599036,52009444.000000,,
BATTERY,5,91.439235,53001312.000000,,
BATTERY,5,91.439235,53001312.000000,,
BATTERY,5,91.438977,53002912.000000,,
BATTERY,5,91.438977,53002912.000000,,
BATTERY,5,91.438709,53004578.000000,,
BATTERY,5,91.438709,53004578.000000,,
BATTERY,5,91.438688,53004707.000000,,
BATTERY,5,91.438135,53005892.000000,,
BATTERY,5,91.437769,53008164.000000,,
BATTERY,5,91.437769,53008164.000000,,
BATTERY,5,91.437403,53010437.000000,,
BATTERY,5,91.437403,53010437.000000,,
BATTERY,5,91.277710,54001632.000000,,
BATTERY,5,91.277710,54001632.000000,,
BATTERY,5,91.277690,54001761.000000,,
BATTERY,5,91.277137,54002946.000000,,
BATTERY,5,91.276925,54004258.000000,,
BATTERY,5,91.276925,54004258.000000,,
BATTERY,5,91.276714,54005571.000000,,
BATTERY,5,91.276714,54005571.000000,,
BATTERY,5,91.276502,54006884.000000,,
BATTERY,5,91.276502,54006884.000000,,
BATTERY,5,91.116480,55000128.000000,,
BATTERY,5,91.115927,55001313.000000,,
BATTERY,5,91.115715,55002625.000000,,
BATTERY,5,91.115715,55002625.000000,,
BATTERY,5,91.115457,55004225.000000,,
BATTERY,5,91.115457,55004225.000000,,
BATTERY,5,91.115241,55005571.000000,,
BATTERY,5,91.115241,55005571.000000,,
BATTERY,5,91.114983,55007171.000000,,
BATTERY,5,91.114983,55007171.000000,,
BATTERY,5,90.954816,56001312.000000,,
BATTERY,5,90.954816,56001312.000000,,
BATTERY,5,90.954604,56002625.000000,,
BATTERY,5,90.954604,56002625.000000,,
BATTERY,5,90.954393,56003938.000000,,
BATTERY,5,90.954393,56003938.000000,,
BATTERY,5,90.954129,56005571.000000,,
BATTERY,5,90.954129,56005571.000000,,
BATTERY,5,90.954062,56005987.000000,,
BATTERY,5,90.953509,56007172.000000,,
BATTERY,5,90.952937,56010724.000000,,
BATTERY,5,90.952937,56010724.000000,,
BATTERY,5,90.793482,57000448.000000,,
BATTERY,5,90.792929,57001633.000000,,
BATTERY,5,90.792717,57002945.000000,,
BATTERY,5,90.792717,57002945.000000,,
BATTERY,5,90.792408,57004865.000000,,
BATTERY,5,90.792408,57004865.000000,,
BATTERY,5,90.792196,57006178.000000,,
BATTERY,5,90.792196,57006178.000000,,
BATTERY,5,90.791933,57007811.000000,,
BATTERY,5,90.791933,57007811.000000,,
BATTERY,5,90.791619,57009764.000000,,
BATTERY,5,90.791619,57009764.000000,,
BATTERY,5,90.631818,58001632.000000,,
BATTERY,5,90.631818,58001632.000000,,
BATTERY,5,90.631606,58002945.000000,,
BATTERY,5,90.631606,58002945.000000,,
BATTERY,5,90.631395,58004258.000000,,
BATTERY,5,90.631395,58004258.000000,,
BATTERY,5,90.631137,58005858.000000,,
BATTERY,5,90.631137,58005858.000000,,
BATTERY,5,90.631065,58006307.000000,,
BATTERY,5,90.630512,58007492.000000,,
BATTERY,5,90.630197,58009444.000000,,
BATTERY,5,90.630197,58009444.000000,,
BATTERY,5,90.629676,58012677.000000,,
BATTERY,5,90.629676,58012677.000000,,
BATTERY,5,90.470396,59001312.000000,,
BATTERY,5,90.470396,59001312.000000,,
BATTERY,5,90.470375,59001441.000000,,
BATTERY,5,90.469822,59002626.000000,,
BATTERY,5,90.469611,59003938.000000,,
BATTERY,5,90.469611,59003938.000000,,
BATTERY,5,90.469348,59005571.000000,,
BATTERY,5,90.469348,59005571.000000,,
BATTERY,5,90.469085,59007204.000000,,
BATTERY,5,90.469085,59007204.000000,,
BATTERY,5,90.468775,59009124.000000,,
BATTERY,5,90.468775,59009124.000000,,
BATTERY,5,90.468255,59012357.000000,,
BATTERY,5,90.468255,59012357.000000,,
BATTERY,5,90.308923,60001312.000000,,
BATTERY,5,90.308923,60001312.000000,,
BATTERY,5,90.308711,60002625.000000,,
BATTERY,5,90.308711,60002625.000000,,
BATTERY,5,90.308500,60003938.000000,,
BATTERY,5,90.308500,60003938.000000,,
BATTERY,5,90.308242,60005538.000000,,
BATTERY,5,90.308242,60005538.000000,,
BATTERY,5,90.308118,60006307.000000,,
BATTERY,5,90.307565,60007492.000000,,
BATTERY,5,90.307148,60010084.000000,,
BATTERY,5,90.307148,60010084.000000,,
BATTERY,5,90.147450,61001312.000000,,
BATTERY,5,90.147450,61001312.000000,,
BATTERY,5,90.147192,61002912.000000,,
BATTERY,5,90.147192,61002912.000000,,
BATTERY,5,90.146929,61004545.000000,,
BATTERY,5,90.146929,61004545.000000,,
BATTERY,5,90.146908,61004674.000000,,
BATTERY,5,90.146355,61005859.000000,,
BATTERY,5,90.146097,61007458.000000,,
BATTERY,5,90.146097,61007458.000000,,
BATTERY,5,90.145834,61009091.000000,,
BATTERY,5,90.145834,61009091.000000,,
BATTERY,5,89.985976,62001312.000000,,
BATTERY,5,89.985976,62001312.000000,,
BATTERY,5,89.985662,62003265.000000,,
BATTERY,5,89.985662,62003265.000000,,
BATTERY,5,89.985450,62004578.000000,,
BATTERY,5,89.985450,62004578.000000,,
BATTERY,5,89.985239,62005891.000000,,
BATTERY,5,89.985239,62005891.000000,,
BATTERY,5,89.984929,62007811.000000,,
BATTERY,5,89.984929,62007811.000000,,
BATTERY,5,89.984718,62009124.000000,,
BATTERY,5,89.984718,62009124.000000,,
BATTERY,5,89.984548,62010180.000000,,
BATTERY,5,89.983995,62011365.000000,,
BATTERY,5,89.983526,62014277.000000,,
BATTERY,5,89.983526,62014277.000000,,
BATTERY,5,89.824503,63001312.000000,,
BATTERY,5,89.824503,63001312.000000,,
BATTERY,5,89.824431,63001761.000000,,
BATTERY,5,89.823878,63002946.000000,,
BATTERY,5,89.823667,63004258.000000,,
BATTERY,5,89.823667,63004258.000000,,
BATTERY,5,89.823357,63006178.000000,,
BATTERY,5,89.823357,63006178.000000,,
BATTERY,5,89.823094,63007811.000000,,
BATTERY,5,89.823094,63007811.000000,,
BATTERY,5,89.822831,63009444.000000,,
BATTERY,5,89.822831,63009444.000000,,
BATTERY,5,89.663221,64000128.000000,,
BATTERY,5,89.662668,64001313.000000,,
BATTERY,5,89.662359,64003232.000000,,
BATTERY,5,89.662359,64003232.000000,,
BATTERY,5,89.662142,64004578.000000,,
BATTERY,5,89.662142,64004578.000000,,
BATTERY,5,89.661673,64007491.000000,,
BATTERY,5,89.661673,64007491.000000,,
BATTERY,5,89.661409,64009124.000000,,
BATTERY,5,89.661409,64009124.000000,,
BATTERY,5,89.661100,64011044.000000,,
BATTERY,5,89.661100,64011044.000000,,
BATTERY,5,89.501557,65001312.000000,,
BATTERY,5,89.501557,65001312.000000,,
BATTERY,5,89.501345,65002625.000000,,
BATTERY,5,89.501345,65002625.000000,,
BATTERY,5,89.500984,65004865.000000,,
BATTERY,5,89.500984,65004865.000000,,
BATTERY,5,89.500706,65006594.000000,,
BATTERY,5,89.500153,65007779.000000,,
BATTERY,5,89.499632,65011011.000000,,
BATTERY,5,89.499632,65011011.000000,,
BATTERY,5,89.339877,66002592.000000,,
BATTERY,5,89.339877,66002592.000000,,
BATTERY,5,89.339857,66002721.000000,,
BATTERY,5,89.339304,66003906.000000,,
BATTERY,5,89.339092,66005218.000000,,
BATTERY,5,89.339092,66005218.000000,,
BATTERY,5,89.338835,66006818.000000,,
BATTERY,5,89.338835,66006818.000000,,
BATTERY,5,89.338515,66008804.000000,,
BATTERY,5,89.338515,66008804.000000,,
BATTERY,5,89.338097,66011397.000000,,
BATTERY,5,89.338097,66011397.000000,,
BATTERY,5,89.178559,67001632.000000,,
BATTERY,5,89.178559,67001632.000000,,
BATTERY,5,89.178347,67002945.000000,,
BATTERY,5,89.178347,67002945.000000,,
BATTERY,5,89.178224,67003714.000000,,
BATTERY,5,89.177671,67004899.000000,,
BATTERY,5,89.177413,67006498.000000,,
BATTERY,5,89.177413,67006498.000000,,
BATTERY,5,89.177150,67008131.000000,,
BATTERY,5,89.177150,67008131.000000,,
BATTERY,5,89.176629,67011364.000000,,
BATTERY,5,89.176629,67011364.000000,,
BATTERY,5,89.017137,68001312.000000,,
BATTERY,5,89.017137,68001312.000000,,
BATTERY,5,89.016926,68002625.000000,,
BATTERY,5,89.016926,68002625.000000,,
BATTERY,5,89.016714,68003938.000000,,
BATTERY,5,89.016714,68003938.000000,,
BATTERY,5,89.016647,68004354.000000,,
BATTERY,5,89.016094,68005539.000000,,
BATTERY,5,89.015883,68006851.000000,,
BATTERY,5,89.015883,68006851.000000,,
BATTERY,5,89.015310,68010404.000000,,
BATTERY,5,89.015310,68010404.000000,,
BATTERY,5,88.855664,69001312.000000,,
BATTERY,5,88.855664,69001312.000000,,
BATTERY,5,88.855540,69002081.000000,,
BATTERY,5,88.854987,69003266.000000,,
BATTERY,5,88.854730,69004865.000000,,
BATTERY,5,88.854730,69004865.000000,,
BATTERY,5,88.854415,69006818.000000,,
BATTERY,5,88.854415,69006818.000000,,
BATTERY,5,88.854157,69008418.000000,,
BATTERY,5,88.854157,69008418.000000,,
BATTERY,5,88.853894,69010051.000000,,
BATTERY,5,88.853894,69010051.000000,,
BATTERY,5,88.694139,70001632.000000,,
BATTERY,5,88.694139,70001632.000000,,
BATTERY,5,88.693928,70002945.000000,,
BATTERY,5,88.693928,70002945.000000,,
BATTERY,5,88.693716,70004258.000000,,
BATTERY,5,88.693716,70004258.000000,,
BATTERY,5,88.693350,70006531.000000,,
BATTERY,5,88.693350,70006531.000000,,
BATTERY,5,88.692984,70008804.000000,,
BATTERY,5,88.692984,70008804.000000,,
BATTERY,5,88.692721,70010437.000000,,
BATTERY,5,88.692721,70010437.000000,,
BATTERY,5,88.692654,70010853.000000,,
BATTERY,5,88.692101,70012038.000000,,
BATTERY,5,88.532718,71001312.000000,,
BATTERY,5,88.532718,71001312.000000,,
BATTERY,5,88.532594,71002081.000000,,
BATTERY,5,88.532041,71003266.000000,,
BATTERY,5,88.531829,71004578.000000,,
BATTERY,5,88.531829,71004578.000000,,
BATTERY,5,88.531618,71005891.000000,,
BATTERY,5,88.531618,71005891.000000,,
BATTERY,5,88.531355,71007524.000000,,
BATTERY,5,88.531355,71007524.000000,,
BATTERY,5,88.531143,71008837.000000,,
BATTERY,5,88.531143,71008837.000000,,
BATTERY,5,88.530571,71012390.000000,,
BATTERY,5,88.530571,71012390.000000,,
BATTERY,5,88.371435,72000128.000000,,
BATTERY,5,88.370882,72001313.000000,,
BATTERY,5,88.370671,72002625.000000,,
BATTERY,5,88.370671,72002625.000000,,
BATTERY,5,88.370459,72003938.000000,,
BATTERY,5,88.370459,72003938.000000,,
BATTERY,5,88.370150,72005858.000000,,
BATTERY,5,88.370150,72005858.000000,,
BATTERY,5,88.369624,72009124.000000,,
BATTERY,5,88.369624,72009124.000000,,
BATTERY,5,88.209720,73001632.000000,,
BATTERY,5,88.209720,73001632.000000,,
BATTERY,5,88.209699,73001761.000000,,
BATTERY,5,88.209146,73002946.000000,,
BATTERY,5,88.208832,73004898.000000,,
BATTERY,5,88.208832,73004898.000000,,
BATTERY,5,88.208620,73006211.000000,,
BATTERY,5,88.208620,73006211.000000,,
BATTERY,5,88.048437,74000448.000000,,
BATTERY,5,88.047884,74001633.000000,,
BATTERY,5,88.047621,74003265.000000,,
BATTERY,5,88.047621,74003265.000000,,
BATTERY,5,88.047364,74004865.000000,,
BATTERY,5,88.047364,74004865.000000,,
BATTERY,5,88.047101,74006498.000000,,
BATTERY,5,88.047101,74006498.000000,,
BATTERY,5,87.886773,75001632.000000,,
BATTERY,5,87.886773,75001632.000000,,
BATTERY,5,87.886562,75002945.000000,,
BATTERY,5,87.886562,75002945.000000,,
BATTERY,5,87.886350,75004258.000000,,
BATTERY,5,87.886350,75004258.000000,,
BATTERY,5,87.886278,75004707.000000,,
BATTERY,5,87.885725,75005892.000000,,
BATTERY,5,87.885256,75008804.000000,,
BATTERY,5,87.885256,75008804.000000,,
BATTERY,5,87.884941,75010757.000000,,
BATTERY,5,87.884941,75010757.000000,,
BATTERY,5,87.725352,76001312.000000,,
BATTERY,5,87.725352,76001312.000000,,
BATTERY,5,87.725331,76001441.000000,,
BATTERY,5,87.724778,76002626.000000,,
BATTERY,5,87.724567,76003938.000000,,
BATTERY,5,87.724567,76003938.000000,,
BATTERY,5,87.724304,76005571.000000,,
BATTERY,5,87.724304,76005571.000000,,
BATTERY,5,87.724092,76006884.000000,,
BATTERY,5,87.724092,76006884.000000,,
BATTERY,5,87.723829,76008517.000000,,
BATTERY,5,87.723829,76008517.000000,,
BATTERY,5,87.563827,77001632.000000,,
BATTERY,5,87.563827,77001632.000000,,
BATTERY,5,87.563615,77002945.000000,,
BATTERY,5,87.563615,77002945.000000,,
BATTERY,5,87.563352,77004578.000000,,
BATTERY,5,87.563352,77004578.000000,,
BATTERY,5,87.563285,77004994.000000,,
BATTERY,5,87.562732,77006179.000000,,
BATTERY,5,87.562263,77009091.000000,,
BATTERY,5,87.562263,77009091.000000,,
BATTERY,5,87.402405,78001312.000000,,
BATTERY,5,87.402405,78001312.000000,,
BATTERY,5,87.402194,78002625.000000,,
BATTERY,5,87.402194,78002625.000000,,
BATTERY,5,87.401833,78004865.000000,,
BATTERY,5,87.401833,78004865.000000,,
BATTERY,5,87.401652,78005987.000000,,
BATTERY,5,87.401099,78007172.000000,,
BATTERY,5,87.400785,78009124.000000,,
BATTERY,5,87.400785,78009124.000000,,
BATTERY,5,87.400573,78010437.000000,,
BATTERY,5,87.400573,78010437.000000,,
BATTERY,5,87.240932,79001312.000000,,
BATTERY,5,87.240932,79001312.000000,,
BATTERY,5,87.240721,79002625.000000,,
BATTERY,5,87.240721,79002625.000000,,
BATTERY,5,87.240509,79003938.000000,,
BATTERY,5,87.240509,79003938.000000,,
BATTERY,5,87.240246,79005571.000000,,
BATTERY,5,87.240246,79005571.000000,,
BATTERY,5,87.240122,79006340.000000,,
BATTERY,5,87.239569,79007525.000000,,
BATTERY,5,87.239255,79009477.000000,,
BATTERY,5,87.239255,79009477.000000,,
BATTERY,5,87.079407,80001632.000000,,
BATTERY,5,87.079407,80001632.000000,,
BATTERY,5,87.079196,80002945.000000,,
BATTERY,5,87.079196,80002945.000000,,
BATTERY,5,87.079072,80003714.000000,,
BATTERY,5,87.078519,80004899.000000,,
BATTERY,5,87.078205,80006851.000000,,
BATTERY,5,87.078205,80006851.000000,,
BATTERY,5,87.077890,80008804.000000,,
BATTERY,5,87.077890,80008804.000000,,
BATTERY,5,87.077575,80010757.000000,,
BATTERY,5,87.077575,80010757.000000,,
BATTERY,5,87.077054,80013990.000000,,
BATTERY,5,87.077054,80013990.000000,,
BATTERY,5,86.917986,81001312.000000,,
BATTERY,5,86.917986,81001312.000000,,
BATTERY,5,86.917774,81002625.000000,,
BATTERY,5,86.917774,81002625.000000,,
BATTERY,5,86.917563,81003938.000000,,
BATTERY,5,86.917563,81003938.000000,,
BATTERY,5,86.917351,81005251.000000,,
BATTERY,5,86.917351,81005251.000000,,
BATTERY,5,86.917227,81006020.000000,,
BATTERY,5,86.916674,81007205.000000,,
BATTERY,5,86.916463,81008517.000000,,
BATTERY,5,86.916463,81008517.000000,,
BATTERY,5,86.756461,82001632.000000,,
BATTERY,5,86.756461,82001632.000000,,
BATTERY,5,86.756203,82003232.000000,,
BATTERY,5,86.756203,82003232.000000,,
BATTERY,5,86.756074,82004034.000000,,
BATTERY,5,86.755521,82005219.000000,,
BATTERY,5,86.755155,82007491.000000,,
BATTERY,5,86.755155,82007491.000000,,
BATTERY,5,86.754583,82011044.000000,,
BATTERY,5,86.754583,82011044.000000,,
BATTERY,5,86.595039,83001312.000000,,
BATTERY,5,86.595039,83001312.000000,,
BATTERY,5,86.594967,83001761.000000,,
BATTERY,5,86.594414,83002946.000000,,
BATTERY,5,86.594203,83004258.000000,,
BATTERY,5,86.594203,83004258.000000,,
BATTERY,5,86.593940,83005891.000000,,
BATTERY,5,86.593940,83005891.000000,,
BATTERY,5,86.593676,83007524.000000,,
BATTERY,5,86.593676,83007524.000000,,
BATTERY,5,86.593310,83009797.000000,,
BATTERY,5,86.593310,83009797.000000,,
BATTERY,5,86.433566,84001312.000000,,
BATTERY,5,86.433566,84001312.000000,,
BATTERY,5,86.433308,84002912.000000,,
BATTERY,5,86.433308,84002912.000000,,
BATTERY,5,86.433236,84003361.000000,,
BATTERY,5,86.432683,84004546.000000,,
BATTERY,5,86.432157,84007811.000000,,
BATTERY,5,86.432157,84007811.000000,,
BATTERY,5,86.272181,85000768.000000,,
BATTERY,5,86.271628,85001953.000000,,
BATTERY,5,86.271416,85003265.000000,,
BATTERY,5,86.271416,85003265.000000,,
BATTERY,5,86.271153,85004898.000000,,
BATTERY,5,86.271153,85004898.000000,,
BATTERY,5,86.270942,85006211.000000,,
BATTERY,5,86.270942,85006211.000000,,
BATTERY,5,86.270730,85007524.000000,,
BATTERY,5,86.270730,85007524.000000,,
BATTERY,5,86.270209,85010757.000000,,
BATTERY,5,86.270209,85010757.000000,,
BATTERY,5,86.110620,86001312.000000,,
BATTERY,5,86.110620,86001312.000000,,
BATTERY,5,86.110408,86002625.000000,,
BATTERY,5,86.110408,86002625.000000,,
BATTERY,5,86.110145,86004258.000000,,
BATTERY,5,86.110145,86004258.000000,,
BATTERY,5,86.109779,86006531.000000,,
BATTERY,5,86.109779,86006531.000000,,
BATTERY,5,86.109552,86007940.000000,,
BATTERY,5,86.108999,86009125.000000,,
BATTERY,5,85.949044,87001952.000000,,
BATTERY,5,85.949044,87001952.000000,,
BATTERY,5,85.948832,87003265.000000,,
BATTERY,5,85.948832,87003265.000000,,
BATTERY,5,85.948708,87004034.000000,,
BATTERY,5,85.948155,87005219.000000,,
BATTERY,5,85.947841,87007171.000000,,
BATTERY,5,85.947841,87007171.000000,,
BATTERY,5,85.787622,88001632.000000,,
BATTERY,5,85.787622,88001632.000000,,
BATTERY,5,85.787364,88003232.000000,,
BATTERY,5,85.787364,88003232.000000,,
BATTERY,5,85.787101,88004865.000000,,
BATTERY,5,85.787101,88004865.000000,,
BATTERY,5,85.787029,88005314.000000,,
BATTERY,5,85.786476,88006499.000000,,
BATTERY,5,85.786161,88008451.000000,,
BATTERY,5,85.786161,88008451.000000,,
BATTERY,5,85.785898,88010084.000000,,
BATTERY,5,85.785898,88010084.000000,,
BATTERY,5,85.626391,89000128.000000,,
BATTERY,5,85.625838,89001313.000000,,
BATTERY,5,85.625627,89002625.000000,,
BATTERY,5,85.625627,89002625.000000,,
BATTERY,5,85.625415,89003938.000000,,
BATTERY,5,85.625415,89003938.000000,,
BATTERY,5,85.625204,89005251.000000,,
BATTERY,5,85.625204,89005251.000000,,
BATTERY,5,85.624992,89006564.000000,,
BATTERY,5,85.624992,89006564.000000,,
BATTERY,5,85.624734,89008164.000000,,
BATTERY,5,85.624734,89008164.000000,,
BATTERY,5,85.624162,89011717.000000,,
BATTERY,5,85.624162,89011717.000000,,
BATTERY,5,85.464727,90001312.000000,,
BATTERY,5,85.464727,90001312.000000,,
BATTERY,5,85.464660,90001728.000000,,
BATTERY,5,85.464107,90002913.000000,,
BATTERY,5,85.463736,90005218.000000,,
BATTERY,5,85.463736,90005218.000000,,
BATTERY,5,85.463524,90006531.000000,,
BATTERY,5,85.463524,90006531.000000,,
BATTERY,5,85.303254,91001312.000000,,
BATTERY,5,85.303254,91001312.000000,,
BATTERY,5,85.303042,91002625.000000,,
BATTERY,5,85.303042,91002625.000000,,
BATTERY,5,85.303022,91002754.000000,,
BATTERY,5,85.302469,91003939.000000,,
BATTERY,5,85.302211,91005538.000000,,
BATTERY,5,85.302211,91005538.000000,,
BATTERY,5,85.301999,91006851.000000,,
BATTERY,5,85.301999,91006851.000000,,
BATTERY,5,85.301742,91008451.000000,,
BATTERY,5,85.301742,91008451.000000,,
BATTERY,5,85.141781,92001312.000000,,
BATTERY,5,85.141781,92001312.000000,,
BATTERY,5,85.141569,92002625.000000,,
BATTERY,5,85.141569,92002625.000000,,
BATTERY,5,85.141358,92003938.000000,,
BATTERY,5,85.141358,92003938.000000,,
BATTERY,5,85.141094,92005571.000000,,
BATTERY,5,85.141094,92005571.000000,,
BATTERY,5,85.140785,92007491.000000,,
BATTERY,5,85.140785,92007491.000000,,
BATTERY,5,85.140759,92007653.000000,,
BATTERY,5,85.140206,92008838.000000,,
BATTERY,5,85.139840,92011110.000000,,
BATTERY,5,85.139840,92011110.000000,,
BATTERY,5,84.980307,93001312.000000,,
BATTERY,5,84.980307,93001312.000000,,
BATTERY,5,84.980096,93002625.000000,,
BATTERY,5,84.980096,93002625.000000,,
BATTERY,5,84.979781,93004578.000000,,
BATTERY,5,84.979781,93004578.000000,,
BATTERY,5,84.979570,93005891.000000,,
BATTERY,5,84.979570,93005891.000000,,
BATTERY,5,84.979312,93007491.000000,,
BATTERY,5,84.979312,93007491.000000,,
BATTERY,5,84.978930,93009860.000000,,
BATTERY,5,84.978377,93011045.000000,,
BATTERY,5,84.819025,94000128.000000,,
BATTERY,5,84.818472,94001313.000000,,
BATTERY,5,84.818209,94002945.000000,,
BATTERY,5,84.818209,94002945.000000,,
BATTERY,5,84.817998,94004258.000000,,
BATTERY,5,84.817998,94004258.000000,,
BATTERY,5,84.817786,94005571.000000,,
BATTERY,5,84.817786,94005571.000000,,
BATTERY,5,84.817528,94007171.000000,,
BATTERY,5,84.817528,94007171.000000,,
BATTERY,5,84.817265,94008804.000000,,
BATTERY,5,84.817265,94008804.000000,,
BATTERY,5,84.816847,94011397.000000,,
BATTERY,5,84.816847,94011397.000000,,
BATTERY,5,84.657258,95001952.000000,,
BATTERY,5,84.657258,95001952.000000,,
BATTERY,5,84.657046,95003265.000000,,
BATTERY,5,84.657046,95003265.000000,,
BATTERY,5,84.656979,95003681.000000,,
BATTERY,5,84.656426,95004866.000000,,
BATTERY,5,84.656210,95006211.000000,,
BATTERY,5,84.656210,95006211.000000,,
BATTERY,5,84.655900,95008131.000000,,
BATTERY,5,84.655900,95008131.000000,,
BATTERY,5,84.655637,95009764.000000,,
BATTERY,5,84.655637,95009764.000000,,
BATTERY,5,84.495888,96001312.000000,,
BATTERY,5,84.495888,96001312.000000,,
BATTERY,5,84.495630,96002912.000000,,
BATTERY,5,84.495630,96002912.000000,,
BATTERY,5,84.495413,96004258.000000,,
BATTERY,5,84.495413,96004258.000000,,
BATTERY,5,84.495341,96004707.000000,,
BATTERY,5,84.494788,96005892.000000,,
BATTERY,5,84.494473,96007844.000000,,
BATTERY,5,84.494473,96007844.000000,,
BATTERY,5,84.334260,97002272.000000,,
BATTERY,5,84.334260,97002272.000000,,
BATTERY,5,84.334048,97003585.000000,,
BATTERY,5,84.334048,97003585.000000,,
BATTERY,5,84.333981,97004001.000000,,
BATTERY,5,84.333428,97005186.000000,,
BATTERY,5,84.333166,97006818.000000,,
BATTERY,5,84.333166,97006818.000000,,
BATTERY,5,84.332856,97008738.000000,,
BATTERY,5,84.332856,97008738.000000,,
BATTERY,5,84.173132,98000128.000000,,
BATTERY,5,84.172579,98001313.000000,,
BATTERY,5,84.172322,98002912.000000,,
BATTERY,5,84.172322,98002912.000000,,
BATTERY,5,84.172007,98004865.000000,,
BATTERY,5,84.172007,98004865.000000,,
BATTERY,5,84.171744,98006498.000000,,
BATTERY,5,84.171744,98006498.000000,,
BATTERY,5,84.171486,98008098.000000,,
BATTERY,5,84.171486,98008098.000000,,
BATTERY,5,84.170965,98011331.000000,,
BATTERY,5,84.170965,98011331.000000,,
BATTERY,5,84.011417,99001632.000000,,
BATTERY,5,84.011417,99001632.000000,,
BATTERY,5,84.011205,99002945.000000,,
BATTERY,5,84.011205,99002945.000000,,
BATTERY,5,84.011133,99003394.000000,,
BATTERY,5,84.010580,99004579.000000,,
BATTERY,5,84.010265,99006531.000000,,
BATTERY,5,84.010265,99006531.000000,,
BATTERY,5,84.009899,99008804.000000,,
BATTERY,5,84.009899,99008804.000000,,
BATTERY,5,84.006651,99028967.702420,,
