BATTERY,3,99.995316,29071.142420,,
BATTERY,3,99.995316,29071.142420,,
BATTERY,3,99.994579,33647.142420,,
BATTERY,3,99.994579,33647.142420,,
BATTERY,3,99.993996,37264.142420,,
BATTERY,3,99.993996,37264.142420,,
BATTERY,3,99.993976,37393.142420,,
BATTERY,3,99.992347,40882.142420,,
BATTERY,3,99.991713,44818.142420,,
BATTERY,3,99.991713,44818.142420,,
BATTERY,3,99.991130,48435.142420,,
BATTERY,3,99.991130,48435.142420,,
BATTERY,3,99.990548,52052.142420,,
BATTERY,3,99.990548,52052.142420,,
BATTERY,3,99.942540,350031.142420,,
BATTERY,3,99.942540,350031.142420,,
BATTERY,3,99.941906,353967.142420,,
BATTERY,3,99.941906,353967.142420,,
BATTERY,3,99.941272,357904.142420,,
BATTERY,3,99.941272,357904.142420,,
BATTERY,3,99.940534,362481.142420,,
BATTERY,3,99.940534,362481.142420,,
BATTERY,3,99.940462,362930.142420,,
BATTERY,3,99.938834,366419.142420,,
BATTERY,3,99.851097,910991.142420,,
BATTERY,3,99.851097,910991.142420,,
BATTERY,3,99.850463,914927.142420,,
BATTERY,3,99.850463,914927.142420,,
BATTERY,3,99.850442,915056.142420,,
BATTERY,3,99.848814,918545.142420,,
BATTERY,3,99.848231,922161.142420,,
BATTERY,3,99.848231,922161.142420,,
BATTERY,3,99.847597,926098.142420,,
BATTERY,3,99.847597,926098.142420,,
BATTERY,3,99.846911,930355.142420,,
BATTERY,3,99.846911,930355.142420,,
BATTERY,3,99.846277,934292.142420,,
BATTERY,3,99.846277,934292.142420,,
BATTERY,3,99.835221,1002912.000000,,
BATTERY,3,99.835221,1002912.000000,,
BATTERY,3,99.674317,2001632.000000,,
BATTERY,3,99.674317,2001632.000000,,
BATTERY,3,99.674250,2002048.000000,,
BATTERY,3,99.673697,2003233.000000,,
BATTERY,3,99.673485,2004545.000000,,
BATTERY,3,99.673485,2004545.000000,,
BATTERY,3,99.673124,2006785.000000,,
BATTERY,3,99.673124,2006785.000000,,
BATTERY,3,99.672804,2008771.000000,,
BATTERY,3,99.672804,2008771.000000,,
BATTERY,3,99.512895,3001312.000000,,
BATTERY,3,99.512895,3001312.000000,,
BATTERY,3,99.512828,3001728.000000,,
BATTERY,3,99.512275,3002913.000000,,
BATTERY,3,99.512007,3004578.000000,,
BATTERY,3,99.512007,3004578.000000,,
BATTERY,3,99.511697,3006498.000000,,
BATTERY,3,99.511697,3006498.000000,,
BATTERY,3,99.511125,3010051.000000,,
BATTERY,3,99.511125,3010051.000000,,
BATTERY,3,99.351370,4001632.000000,,
BATTERY,3,99.351370,4001632.000000,,
BATTERY,3,99.351112,4003232.000000,,
BATTERY,3,99.351112,4003232.000000,,
BATTERY,3,99.350901,4004545.000000,,
BATTERY,3,99.350901,4004545.000000,,
BATTERY,3,99.350643,4006145.000000,,
BATTERY,3,99.350643,4006145.000000,,
BATTERY,3,99.350617,4006307.000000,,
BATTERY,3,99.350064,4007492.000000,,
BATTERY,3,99.349853,4008804.000000,,
BATTERY,3,99.349853,4008804.000000,,
BATTERY,3,99.349332,4012037.000000,,
BATTERY,3,99.349332,4012037.000000,,
BATTERY,3,99.189897,5001632.000000,,
BATTERY,3,99.189897,5001632.000000,,
BATTERY,3,99.189639,5003232.000000,,
BATTERY,3,99.189639,5003232.000000,,
BATTERY,3,99.189428,5004545.000000,,
BATTERY,3,99.189428,5004545.000000,,
BATTERY,3,99.189361,5004961.000000,,
BATTERY,3,99.188808,5006146.000000,,
BATTERY,3,99.188545,5007778.000000,,
BATTERY,3,99.188545,5007778.000000,,
BATTERY,3,99.188179,5010051.000000,,
BATTERY,3,99.188179,5010051.000000,,
BATTERY,3,99.028475,6001312.000000,,
BATTERY,3,99.028475,6001312.000000,,
BATTERY,3,99.028264,6002625.000000,,
BATTERY,3,99.028264,6002625.000000,,
BATTERY,3,99.028006,6004225.000000,,
BATTERY,3,99.028006,6004225.000000,,
BATTERY,3,99.027743,6005858.000000,,
BATTERY,3,99.027743,6005858.000000,,
BATTERY,3,99.027722,6005987.000000,,
BATTERY,3,99.027169,6007172.000000,,
BATTERY,3,99.026752,6009764.000000,,
BATTERY,3,99.026752,6009764.000000,,
BATTERY,3,98.867162,7000320.000000,,
BATTERY,3,98.866655,7001312.000000,,
BATTERY,3,98.866634,7001441.000000,,
BATTERY,3,98.866081,7002626.000000,,
BATTERY,3,98.865824,7004225.000000,,
BATTERY,3,98.865824,7004225.000000,,
BATTERY,3,98.865509,7006178.000000,,
BATTERY,3,98.865509,7006178.000000,,
BATTERY,3,98.865091,7008771.000000,,
BATTERY,3,98.865091,7008771.000000,,
BATTERY,3,98.864880,7010084.000000,,
BATTERY,3,98.864880,7010084.000000,,
BATTERY,3,98.705321,8000448.000000,,
BATTERY,3,98.704768,8001633.000000,,
BATTERY,3,98.704557,8002945.000000,,
BATTERY,3,98.704557,8002945.000000,,
BATTERY,3,98.704139,8005538.000000,,
BATTERY,3,98.704139,8005538.000000,,
BATTERY,3,98.703824,8007491.000000,,
BATTERY,3,98.703824,8007491.000000,,
BATTERY,3,98.703561,8009124.000000,,
BATTERY,3,98.703561,8009124.000000,,
BATTERY,3,98.543899,9000128.000000,,
BATTERY,3,98.543346,9001313.000000,,
BATTERY,3,98.543089,9002912.000000,,
BATTERY,3,98.543089,9002912.000000,,
BATTERY,3,98.542872,9004258.000000,,
BATTERY,3,98.542872,9004258.000000,,
BATTERY,3,98.542563,9006178.000000,,
BATTERY,3,98.542563,9006178.000000,,
BATTERY,3,98.542196,9008451.000000,,
BATTERY,3,98.542196,9008451.000000,,
BATTERY,3,98.541675,9011684.000000,,
BATTERY,3,98.541675,9011684.000000,,
BATTERY,3,98.382220,10001408.000000,,
BATTERY,3,98.381667,10002593.000000,,
BATTERY,3,98.381456,10003905.000000,,
BATTERY,3,98.381456,10003905.000000,,
BATTERY,3,98.381198,10005505.000000,,
BATTERY,3,98.381198,10005505.000000,,
BATTERY,3,98.380883,10007458.000000,,
BATTERY,3,98.380883,10007458.000000,,
BATTERY,3,98.380517,10009731.000000,,
BATTERY,3,98.380517,10009731.000000,,
BATTERY,3,98.220762,11001312.000000,,
BATTERY,3,98.220762,11001312.000000,,
BATTERY,3,98.220499,11002945.000000,,
BATTERY,3,98.220499,11002945.000000,,
BATTERY,3,98.220241,11004545.000000,,
BATTERY,3,98.220241,11004545.000000,,
BATTERY,3,98.220221,11004674.000000,,
BATTERY,3,98.219668,11005859.000000,,
BATTERY,3,98.219405,11007491.000000,,
BATTERY,3,98.219405,11007491.000000,,
BATTERY,3,98.219193,11008804.000000,,
BATTERY,3,98.219193,11008804.000000,,
BATTERY,3,98.218982,11010117.000000,,
BATTERY,3,98.218982,11010117.000000,,
BATTERY,3,98.059289,12001312.000000,,
BATTERY,3,98.059289,12001312.000000,,
BATTERY,3,98.059026,12002945.000000,,
BATTERY,3,98.059026,12002945.000000,,
BATTERY,3,98.059005,12003074.000000,,
BATTERY,3,98.058452,12004259.000000,,
BATTERY,3,98.058195,12005858.000000,,
BATTERY,3,98.058195,12005858.000000,,
BATTERY,3,98.057622,12009411.000000,,
BATTERY,3,98.057622,12009411.000000,,
BATTERY,3,97.897816,13001312.000000,,
BATTERY,3,97.897816,13001312.000000,,
BATTERY,3,97.897743,13001761.000000,,
BATTERY,3,97.897190,13002946.000000,,
BATTERY,3,97.896933,13004545.000000,,
BATTERY,3,97.896933,13004545.000000,,
BATTERY,3,97.896664,13006211.000000,,
BATTERY,3,97.896664,13006211.000000,,
BATTERY,3,97.896355,13008131.000000,,
BATTERY,3,97.896355,13008131.000000,,
BATTERY,3,97.895834,13011364.000000,,
BATTERY,3,97.895834,13011364.000000,,
BATTERY,3,97.736343,14001312.000000,,
BATTERY,3,97.736343,14001312.000000,,
BATTERY,3,97.736131,14002625.000000,,
BATTERY,3,97.736131,14002625.000000,,
BATTERY,3,97.735868,14004258.000000,,
BATTERY,3,97.735868,14004258.000000,,
BATTERY,3,97.735559,14006178.000000,,
BATTERY,3,97.735559,14006178.000000,,
BATTERY,3,97.735347,14007491.000000,,
BATTERY,3,97.735347,14007491.000000,,
BATTERY,3,97.735280,14007907.000000,,
BATTERY,3,97.734727,14009092.000000,,
BATTERY,3,97.734155,14012644.000000,,
BATTERY,3,97.734155,14012644.000000,,
BATTERY,3,97.574957,15000768.000000,,
BATTERY,3,97.574404,15001953.000000,,
BATTERY,3,97.574193,15003265.000000,,
BATTERY,3,97.574193,15003265.000000,,
BATTERY,3,97.573930,15004898.000000,,
BATTERY,3,97.573930,15004898.000000,,
BATTERY,3,97.573718,15006211.000000,,
BATTERY,3,97.573718,15006211.000000,,
BATTERY,3,97.573507,15007524.000000,,
BATTERY,3,97.573507,15007524.000000,,
BATTERY,3,97.573140,15009797.000000,,
BATTERY,3,97.573140,15009797.000000,,
BATTERY,3,97.572723,15012390.000000,,
BATTERY,3,97.572723,15012390.000000,,
BATTERY,3,97.413396,16001312.000000,,
BATTERY,3,97.413396,16001312.000000,,
BATTERY,3,97.413298,16001920.000000,,
BATTERY,3,97.412791,16002912.000000,,
BATTERY,3,97.412574,16004258.000000,,
BATTERY,3,97.412574,16004258.000000,,
BATTERY,3,97.412456,16004994.000000,,
BATTERY,3,97.411903,16006179.000000,,
BATTERY,3,97.411588,16008131.000000,,
BATTERY,3,97.411588,16008131.000000,,
BATTERY,3,97.251576,17001312.000000,,
BATTERY,3,97.251576,17001312.000000,,
BATTERY,3,97.251364,17002625.000000,,
BATTERY,3,97.251364,17002625.000000,,
BATTERY,3,97.251107,17004225.000000,,
BATTERY,3,97.251107,17004225.000000,,
BATTERY,3,97.251034,17004674.000000,,
BATTERY,3,97.250481,17005859.000000,,
BATTERY,3,97.250172,17007778.000000,,
BATTERY,3,97.250172,17007778.000000,,
BATTERY,3,97.090051,18001632.000000,,
BATTERY,3,97.090051,18001632.000000,,
BATTERY,3,97.089984,18002048.000000,,
BATTERY,3,97.089431,18003233.000000,,
BATTERY,3,97.089117,18005185.000000,,
BATTERY,3,97.089117,18005185.000000,,
BATTERY,3,97.088596,18008418.000000,,
BATTERY,3,97.088596,18008418.000000,,
BATTERY,3,96.928578,19001632.000000,,
BATTERY,3,96.928578,19001632.000000,,
BATTERY,3,96.928511,19002048.000000,,
BATTERY,3,96.927958,19003233.000000,,
BATTERY,3,96.927695,19004865.000000,,
BATTERY,3,96.927695,19004865.000000,,
BATTERY,3,96.927597,19005473.000000,,
BATTERY,3,96.927090,19006465.000000,,
BATTERY,3,96.926873,19007811.000000,,
BATTERY,3,96.926873,19007811.000000,,
BATTERY,3,96.926558,19009764.000000,,
BATTERY,3,96.926558,19009764.000000,,
BATTERY,3,96.766809,20001312.000000,,
BATTERY,3,96.766809,20001312.000000,,
BATTERY,3,96.766551,20002912.000000,,
BATTERY,3,96.766551,20002912.000000,,
BATTERY,3,96.766334,20004258.000000,,
BATTERY,3,96.766334,20004258.000000,,
BATTERY,3,96.766077,20005858.000000,,
BATTERY,3,96.766077,20005858.000000,,
BATTERY,3,96.765953,20006627.000000,,
BATTERY,3,96.765400,20007812.000000,,
BATTERY,3,96.605284,21001632.000000,,
BATTERY,3,96.605284,21001632.000000,,
BATTERY,3,96.605073,21002945.000000,,
BATTERY,3,96.605073,21002945.000000,,
BATTERY,3,96.605006,21003361.000000,,
BATTERY,3,96.604453,21004546.000000,,
BATTERY,3,96.603978,21007491.000000,,
BATTERY,3,96.603978,21007491.000000,,
BATTERY,3,96.603457,21010724.000000,,
BATTERY,3,96.603457,21010724.000000,,
BATTERY,3,96.443811,22001632.000000,,
BATTERY,3,96.443811,22001632.000000,,
BATTERY,3,96.443548,22003265.000000,,
BATTERY,3,96.443548,22003265.000000,,
BATTERY,3,96.443527,22003394.000000,,
BATTERY,3,96.442974,22004579.000000,,
BATTERY,3,96.442763,22005891.000000,,
BATTERY,3,96.442763,22005891.000000,,
BATTERY,3,96.442505,22007491.000000,,
BATTERY,3,96.442505,22007491.000000,,
BATTERY,3,96.442242,22009124.000000,,
BATTERY,3,96.442242,22009124.000000,,
BATTERY,3,96.282389,23001312.000000,,
BATTERY,3,96.282389,23001312.000000,,
BATTERY,3,96.282178,23002625.000000,,
BATTERY,3,96.282178,23002625.000000,,
BATTERY,3,96.282106,23003074.000000,,
BATTERY,3,96.281553,23004259.000000,,
BATTERY,3,96.281243,23006178.000000,,
BATTERY,3,96.281243,23006178.000000,,
BATTERY,3,96.280872,23008484.000000,,
BATTERY,3,96.280872,23008484.000000,,
BATTERY,3,96.120916,24001312.000000,,
BATTERY,3,96.120916,24001312.000000,,
BATTERY,3,96.120705,24002625.000000,,
BATTERY,3,96.120705,24002625.000000,,
BATTERY,3,96.120442,24004258.000000,,
BATTERY,3,96.120442,24004258.000000,,
BATTERY,3,96.120230,24005571.000000,,
BATTERY,3,96.120230,24005571.000000,,
BATTERY,3,96.119972,24007171.000000,,
BATTERY,3,96.119972,24007171.000000,,
BATTERY,3,96.119895,24007653.000000,,
BATTERY,3,96.119342,24008838.000000,,
BATTERY,3,95.959443,25001312.000000,,
BATTERY,3,95.959443,25001312.000000,,
BATTERY,3,95.959376,25001728.000000,,
BATTERY,3,95.958823,25002913.000000,,
BATTERY,3,95.958606,25004258.000000,,
BATTERY,3,95.958606,25004258.000000,,
BATTERY,3,95.958292,25006211.000000,,
BATTERY,3,95.958292,25006211.000000,,
BATTERY,3,95.957771,25009444.000000,,
BATTERY,3,95.957771,25009444.000000,,
BATTERY,3,95.797970,26001312.000000,,
BATTERY,3,95.797970,26001312.000000,,
BATTERY,3,95.797758,26002625.000000,,
BATTERY,3,95.797758,26002625.000000,,
BATTERY,3,95.797501,26004225.000000,,
BATTERY,3,95.797501,26004225.000000,,
BATTERY,3,95.797165,26006307.000000,,
BATTERY,3,95.796612,26007492.000000,,
BATTERY,3,95.796143,26010404.000000,,
BATTERY,3,95.796143,26010404.000000,,
BATTERY,3,95.636497,27001312.000000,,
BATTERY,3,95.636497,27001312.000000,,
BATTERY,3,95.636378,27002048.000000,,
BATTERY,3,95.635825,27003233.000000,,
BATTERY,3,95.635562,27004865.000000,,
BATTERY,3,95.635562,27004865.000000,,
BATTERY,3,95.635299,27006498.000000,,
BATTERY,3,95.635299,27006498.000000,,
BATTERY,3,95.634830,27009411.000000,,
BATTERY,3,95.634830,27009411.000000,,
BATTERY,3,95.634515,27011364.000000,,
BATTERY,3,95.634515,27011364.000000,,
BATTERY,3,95.633994,27014597.000000,,
BATTERY,3,95.633994,27014597.000000,,
BATTERY,3,95.474972,28001632.000000,,
BATTERY,3,95.474972,28001632.000000,,
BATTERY,3,95.474900,28002081.000000,,
BATTERY,3,95.474347,28003266.000000,,
BATTERY,3,95.474135,28004578.000000,,
BATTERY,3,95.474135,28004578.000000,,
BATTERY,3,95.473774,28006818.000000,,
BATTERY,3,95.473774,28006818.000000,,
BATTERY,3,95.313690,29000448.000000,,
BATTERY,3,95.313137,29001633.000000,,
BATTERY,3,95.312879,29003232.000000,,
BATTERY,3,95.312879,29003232.000000,,
BATTERY,3,95.312564,29005185.000000,,
BATTERY,3,95.312564,29005185.000000,,
BATTERY,3,95.312306,29006785.000000,,
BATTERY,3,95.312306,29006785.000000,,
BATTERY,3,95.312043,29008418.000000,,
BATTERY,3,95.312043,29008418.000000,,
BATTERY,3,95.311786,29010018.000000,,
BATTERY,3,95.311786,29010018.000000,,
BATTERY,3,95.152077,30001312.000000,,
BATTERY,3,95.152077,30001312.000000,,
BATTERY,3,95.152056,30001441.000000,,
BATTERY,3,95.151503,30002626.000000,,
BATTERY,3,95.151292,30003938.000000,,
BATTERY,3,95.151292,30003938.000000,,
BATTERY,3,95.151080,30005251.000000,,
BATTERY,3,95.151080,30005251.000000,,
BATTERY,3,95.150817,30006884.000000,,
BATTERY,3,95.150817,30006884.000000,,
BATTERY,3,95.150560,30008484.000000,,
BATTERY,3,95.150560,30008484.000000,,
BATTERY,3,94.990795,31000128.000000,,
BATTERY,3,94.990242,31001313.000000,,
BATTERY,3,94.989984,31002912.000000,,
BATTERY,3,94.989984,31002912.000000,,
BATTERY,3,94.989767,31004258.000000,,
BATTERY,3,94.989767,31004258.000000,,
BATTERY,3,94.989401,31006531.000000,,
BATTERY,3,94.989401,31006531.000000,,
BATTERY,3,94.989189,31007844.000000,,
BATTERY,3,94.989189,31007844.000000,,
BATTERY,3,94.988875,31009797.000000,,
BATTERY,3,94.988875,31009797.000000,,
BATTERY,3,94.988354,31013030.000000,,
BATTERY,3,94.988354,31013030.000000,,
BATTERY,3,94.829131,32001312.000000,,
BATTERY,3,94.829131,32001312.000000,,
BATTERY,3,94.828919,32002625.000000,,
BATTERY,3,94.828919,32002625.000000,,
BATTERY,3,94.828801,32003361.000000,,
BATTERY,3,94.828248,32004546.000000,,
BATTERY,3,94.827985,32006178.000000,,
BATTERY,3,94.827985,32006178.000000,,
BATTERY,3,94.827722,32007811.000000,,
BATTERY,3,94.827722,32007811.000000,,
BATTERY,3,94.827252,32010724.000000,,
BATTERY,3,94.827252,32010724.000000,,
BATTERY,3,94.667554,33001952.000000,,
BATTERY,3,94.667554,33001952.000000,,
BATTERY,3,94.667297,33003552.000000,,
BATTERY,3,94.667297,33003552.000000,,
BATTERY,3,94.667034,33005185.000000,,
BATTERY,3,94.667034,33005185.000000,,
BATTERY,3,94.666776,33006785.000000,,
BATTERY,3,94.666776,33006785.000000,,
BATTERY,3,94.666353,33009411.000000,,
BATTERY,3,94.666353,33009411.000000,,
BATTERY,3,94.665971,33011780.000000,,
BATTERY,3,94.665418,33012965.000000,,
BATTERY,3,94.506220,34001088.000000,,
BATTERY,3,94.505667,34002273.000000,,
BATTERY,3,94.505404,34003905.000000,,
BATTERY,3,94.505404,34003905.000000,,
BATTERY,3,94.505193,34005218.000000,,
BATTERY,3,94.505193,34005218.000000,,
BATTERY,3,94.504884,34007138.000000,,
BATTERY,3,94.504884,34007138.000000,,
BATTERY,3,94.504621,34008771.000000,,
BATTERY,3,94.504621,34008771.000000,,
BATTERY,3,94.504254,34011044.000000,,
BATTERY,3,94.504254,34011044.000000,,
BATTERY,3,94.503785,34013957.000000,,
BATTERY,3,94.503785,34013957.000000,,
BATTERY,3,94.344711,35001312.000000,,
BATTERY,3,94.344711,35001312.000000,,
BATTERY,3,94.344639,35001761.000000,,
BATTERY,3,94.344086,35002946.000000,,
BATTERY,3,94.343874,35004258.000000,,
BATTERY,3,94.343874,35004258.000000,,
BATTERY,3,94.343617,35005858.000000,,
BATTERY,3,94.343617,35005858.000000,,
BATTERY,3,94.183238,36001312.000000,,
BATTERY,3,94.183238,36001312.000000,,
BATTERY,3,94.182980,36002912.000000,,
BATTERY,3,94.182980,36002912.000000,,
BATTERY,3,94.182908,36003361.000000,,
BATTERY,3,94.182355,36004546.000000,,
BATTERY,3,94.182143,36005858.000000,,
BATTERY,3,94.182143,36005858.000000,,
BATTERY,3,94.181829,36007811.000000,,
BATTERY,3,94.181829,36007811.000000,,
BATTERY,3,94.181359,36010724.000000,,
BATTERY,3,94.181359,36010724.000000,,
BATTERY,3,94.021956,37000128.000000,,
BATTERY,3,94.021403,37001313.000000,,
BATTERY,3,94.021191,37002625.000000,,
BATTERY,3,94.021191,37002625.000000,,
BATTERY,3,94.020933,37004225.000000,,
BATTERY,3,94.020933,37004225.000000,,
BATTERY,3,94.020670,37005858.000000,,
BATTERY,3,94.020670,37005858.000000,,
BATTERY,3,94.020356,37007811.000000,,
BATTERY,3,94.020356,37007811.000000,,
BATTERY,3,93.860292,38001312.000000,,
BATTERY,3,93.860292,38001312.000000,,
BATTERY,3,93.860080,38002625.000000,,
BATTERY,3,93.860080,38002625.000000,,
BATTERY,3,93.859822,38004225.000000,,
BATTERY,3,93.859822,38004225.000000,,
BATTERY,3,93.859559,38005858.000000,,
BATTERY,3,93.859559,38005858.000000,,
BATTERY,3,93.859038,38009091.000000,,
BATTERY,3,93.859038,38009091.000000,,
BATTERY,3,93.858863,38010180.000000,,
BATTERY,3,93.858310,38011365.000000,,
BATTERY,3,93.698818,39001312.000000,,
BATTERY,3,93.698818,39001312.000000,,
BATTERY,3,93.698607,39002625.000000,,
BATTERY,3,93.698607,39002625.000000,,
BATTERY,3,93.698395,39003938.000000,,
BATTERY,3,93.698395,39003938.000000,,
BATTERY,3,93.698184,39005251.000000,,
BATTERY,3,93.698184,39005251.000000,,
BATTERY,3,93.698117,39005667.000000,,
BATTERY,3,93.697564,39006852.000000,,
BATTERY,3,93.697352,39008164.000000,,
BATTERY,3,93.697352,39008164.000000,,
BATTERY,3,93.697089,39009797.000000,,
BATTERY,3,93.697089,39009797.000000,,
BATTERY,3,93.537294,40001632.000000,,
BATTERY,3,93.537294,40001632.000000,,
BATTERY,3,93.537082,40002945.000000,,
BATTERY,3,93.537082,40002945.000000,,
BATTERY,3,93.536824,40004545.000000,,
BATTERY,3,93.536824,40004545.000000,,
BATTERY,3,93.536613,40005858.000000,,
BATTERY,3,93.536613,40005858.000000,,
BATTERY,3,93.536401,40007171.000000,,
BATTERY,3,93.536401,40007171.000000,,
BATTERY,3,93.536138,40008804.000000,,
BATTERY,3,93.536138,40008804.000000,,
BATTERY,3,93.536071,40009220.000000,,
BATTERY,3,93.535518,40010405.000000,,
BATTERY,3,93.375872,41001312.000000,,
BATTERY,3,93.375872,41001312.000000,,
BATTERY,3,93.375660,41002625.000000,,
BATTERY,3,93.375660,41002625.000000,,
BATTERY,3,93.375640,41002754.000000,,
BATTERY,3,93.375087,41003939.000000,,
BATTERY,3,93.374726,41006178.000000,,
BATTERY,3,93.374726,41006178.000000,,
BATTERY,3,93.374463,41007811.000000,,
BATTERY,3,93.374463,41007811.000000,,
BATTERY,3,93.214347,42001632.000000,,
BATTERY,3,93.214347,42001632.000000,,
BATTERY,3,93.214326,42001761.000000,,
BATTERY,3,93.213773,42002946.000000,,
BATTERY,3,93.213562,42004258.000000,,
BATTERY,3,93.213562,42004258.000000,,
BATTERY,3,93.213299,42005891.000000,,
BATTERY,3,93.213299,42005891.000000,,
BATTERY,3,93.052926,43001312.000000,,
BATTERY,3,93.052926,43001312.000000,,
BATTERY,3,93.052714,43002625.000000,,
BATTERY,3,93.052714,43002625.000000,,
BATTERY,3,93.052503,43003938.000000,,
BATTERY,3,93.052503,43003938.000000,,
BATTERY,3,93.052239,43005571.000000,,
BATTERY,3,93.052239,43005571.000000,,
BATTERY,3,93.052167,43006020.000000,,
BATTERY,3,93.051614,43007205.000000,,
BATTERY,3,93.051356,43008804.000000,,
BATTERY,3,93.051356,43008804.000000,,
BATTERY,3,93.050836,43012037.000000,,
BATTERY,3,93.050836,43012037.000000,,
BATTERY,3,92.891561,44000640.000000,,
BATTERY,3,92.891054,44001632.000000,,
BATTERY,3,92.890842,44002945.000000,,
BATTERY,3,92.890842,44002945.000000,,
BATTERY,3,92.890821,44003074.000000,,
BATTERY,3,92.890268,44004259.000000,,
BATTERY,3,92.890005,44005891.000000,,
BATTERY,3,92.890005,44005891.000000,,
BATTERY,3,92.889748,44007491.000000,,
BATTERY,3,92.889748,44007491.000000,,
BATTERY,3,92.889531,44008837.000000,,
BATTERY,3,92.889531,44008837.000000,,
BATTERY,3,92.729632,45001312.000000,,
BATTERY,3,92.729632,45001312.000000,,
BATTERY,3,92.729374,45002912.000000,,
BATTERY,3,92.729374,45002912.000000,,
BATTERY,3,92.729163,45004225.000000,,
BATTERY,3,92.729163,45004225.000000,,
BATTERY,3,92.728951,45005538.000000,,
BATTERY,3,92.728951,45005538.000000,,
BATTERY,3,92.728693,45007138.000000,,
BATTERY,3,92.728693,45007138.000000,,
BATTERY,3,92.728482,45008451.000000,,
BATTERY,3,92.728482,45008451.000000,,
BATTERY,3,92.728415,45008867.000000,,
BATTERY,3,92.727862,45010052.000000,,
BATTERY,3,92.568350,46000128.000000,,
BATTERY,3,92.567797,46001313.000000,,
BATTERY,3,92.567534,46002945.000000,,
BATTERY,3,92.567534,46002945.000000,,
BATTERY,3,92.567276,46004545.000000,,
BATTERY,3,92.567276,46004545.000000,,
BATTERY,3,92.567013,46006178.000000,,
BATTERY,3,92.567013,46006178.000000,,
BATTERY,3,92.566595,46008771.000000,,
BATTERY,3,92.566595,46008771.000000,,
BATTERY,3,92.406582,47001952.000000,,
BATTERY,3,92.406582,47001952.000000,,
BATTERY,3,92.406319,47003585.000000,,
BATTERY,3,92.406319,47003585.000000,,
BATTERY,3,92.406108,47004898.000000,,
BATTERY,3,92.406108,47004898.000000,,
BATTERY,3,92.406087,47005027.000000,,
BATTERY,3,92.405534,47006212.000000,,
BATTERY,3,92.405323,47007524.000000,,
BATTERY,3,92.405323,47007524.000000,,
BATTERY,3,92.404802,47010757.000000,,
BATTERY,3,92.404802,47010757.000000,,
BATTERY,3,92.245212,48001312.000000,,
BATTERY,3,92.245212,48001312.000000,,
BATTERY,3,92.244955,48002912.000000,,
BATTERY,3,92.244955,48002912.000000,,
BATTERY,3,92.244934,48003041.000000,,
BATTERY,3,92.244381,48004226.000000,,
BATTERY,3,92.244072,48006145.000000,,
BATTERY,3,92.244072,48006145.000000,,
BATTERY,3,92.243551,48009378.000000,,
BATTERY,3,92.243551,48009378.000000,,
BATTERY,3,92.243339,48010691.000000,,
BATTERY,3,92.243339,48010691.000000,,
BATTERY,3,92.083688,49001632.000000,,
BATTERY,3,92.083688,49001632.000000,,
BATTERY,3,92.083373,49003585.000000,,
BATTERY,3,92.083373,49003585.000000,,
BATTERY,3,92.083110,49005218.000000,,
BATTERY,3,92.083110,49005218.000000,,
BATTERY,3,92.083089,49005347.000000,,
BATTERY,3,92.082536,49006532.000000,,
BATTERY,3,92.082170,49008804.000000,,
BATTERY,3,92.082170,49008804.000000,,
BATTERY,3,92.081855,49010757.000000,,
BATTERY,3,92.081855,49010757.000000,,
BATTERY,3,91.922266,50001312.000000,,
BATTERY,3,91.922266,50001312.000000,,
BATTERY,3,91.922054,50002625.000000,,
BATTERY,3,91.922054,50002625.000000,,
BATTERY,3,91.921745,50004545.000000,,
BATTERY,3,91.921745,50004545.000000,,
BATTERY,3,91.921534,50005858.000000,,
BATTERY,3,91.921534,50005858.000000,,
BATTERY,3,91.921276,50007458.000000,,
BATTERY,3,91.921276,50007458.000000,,
BATTERY,3,91.920956,50009444.000000,,
BATTERY,3,91.920956,50009444.000000,,
BATTERY,3,91.920935,50009573.000000,,
BATTERY,3,91.920382,50010758.000000,,
BATTERY,3,91.760690,51001952.000000,,
BATTERY,3,91.760690,51001952.000000,,
BATTERY,3,91.760478,51003265.000000,,
BATTERY,3,91.760478,51003265.000000,,
BATTERY,3,91.760220,51004865.000000,,
BATTERY,3,91.760220,51004865.000000,,
BATTERY,3,91.760004,51006211.000000,,
BATTERY,3,91.760004,51006211.000000,,
BATTERY,3,91.759694,51008131.000000,,
BATTERY,3,91.759694,51008131.000000,,
BATTERY,3,91.759467,51009540.000000,,
BATTERY,3,91.758914,51010725.000000,,
BATTERY,3,91.599320,52001312.000000,,
BATTERY,3,91.599320,52001312.000000,,
BATTERY,3,91.599108,52002625.000000,,
BATTERY,3,91.599108,52002625.000000,,
BATTERY,3,91.598845,52004258.000000,,
BATTERY,3,91.598845,52004258.000000,,
BATTERY,3,91.598582,52005891.000000,,
BATTERY,3,91.598582,52005891.000000,,
BATTERY,3,91.598370,52007204.000000,,
BATTERY,3,91.598370,52007204.000000,,
BATTERY,3,91.598200,52008260.000000,,
BATTERY,3,91.597647,52009445.000000,,
BATTERY,3,91.437846,53001312.000000,,
BATTERY,3,91.437846,53001312.000000,,
BATTERY,3,91.437589,53002912.000000,,
BATTERY,3,91.437589,53002912.000000,,
BATTERY,3,91.437320,53004578.000000,,
BATTERY,3,91.437320,53004578.000000,,
BATTERY,3,91.437109,53005891.000000,,
BATTERY,3,91.437109,53005891.000000,,
BATTERY,3,91.436743,53008164.000000,,
BATTERY,3,91.436743,53008164.000000,,
BATTERY,3,91.436567,53009253.000000,,
BATTERY,3,91.436014,53010438.000000,,
BATTERY,3,91.276322,54001632.000000,,
BATTERY,3,91.276322,54001632.000000,,
BATTERY,3,91.276110,54002945.000000,,
BATTERY,3,91.276110,54002945.000000,,
BATTERY,3,91.275899,54004258.000000,,
BATTERY,3,91.275899,54004258.000000,,
BATTERY,3,91.275878,54004387.000000,,
BATTERY,3,91.275325,54005572.000000,,
BATTERY,3,91.275113,54006884.000000,,
BATTERY,3,91.275113,54006884.000000,,
BATTERY,3,91.115091,55000128.000000,,
BATTERY,3,91.114538,55001313.000000,,
BATTERY,3,91.114326,55002625.000000,,
BATTERY,3,91.114326,55002625.000000,,
BATTERY,3,91.114069,55004225.000000,,
BATTERY,3,91.114069,55004225.000000,,
BATTERY,3,91.113852,55005571.000000,,
BATTERY,3,91.113852,55005571.000000,,
BATTERY,3,91.113594,55007171.000000,,
BATTERY,3,91.113594,55007171.000000,,
BATTERY,3,90.953427,56001312.000000,,
BATTERY,3,90.953427,56001312.000000,,
BATTERY,3,90.953406,56001441.000000,,
BATTERY,3,90.952853,56002626.000000,,
BATTERY,3,90.952642,56003938.000000,,
BATTERY,3,90.952642,56003938.000000,,
BATTERY,3,90.952379,56005571.000000,,
BATTERY,3,90.952379,56005571.000000,,
BATTERY,3,90.952121,56007171.000000,,
BATTERY,3,90.952121,56007171.000000,,
BATTERY,3,90.951548,56010724.000000,,
BATTERY,3,90.951548,56010724.000000,,
BATTERY,3,90.791902,57001632.000000,,
BATTERY,3,90.791902,57001632.000000,,
BATTERY,3,90.791691,57002945.000000,,
BATTERY,3,90.791691,57002945.000000,,
BATTERY,3,90.791541,57003873.000000,,
BATTERY,3,90.791034,57004865.000000,,
BATTERY,3,90.790822,57006178.000000,,
BATTERY,3,90.790822,57006178.000000,,
BATTERY,3,90.790750,57006627.000000,,
BATTERY,3,90.790197,57007812.000000,,
BATTERY,3,90.789883,57009764.000000,,
BATTERY,3,90.789883,57009764.000000,,
BATTERY,3,90.630082,58001632.000000,,
BATTERY,3,90.630082,58001632.000000,,
BATTERY,3,90.630061,58001761.000000,,
BATTERY,3,90.629508,58002946.000000,,
BATTERY,3,90.629297,58004258.000000,,
BATTERY,3,90.629297,58004258.000000,,
BATTERY,3,90.629039,58005858.000000,,
BATTERY,3,90.629039,58005858.000000,,
BATTERY,3,90.628776,58007491.000000,,
BATTERY,3,90.628776,58007491.000000,,
BATTERY,3,90.628461,58009444.000000,,
BATTERY,3,90.628461,58009444.000000,,
BATTERY,3,90.627940,58012677.000000,,
BATTERY,3,90.627940,58012677.000000,,
BATTERY,3,90.468660,59001312.000000,,
BATTERY,3,90.468660,59001312.000000,,
BATTERY,3,90.468449,59002625.000000,,
BATTERY,3,90.468449,59002625.000000,,
BATTERY,3,90.468237,59003938.000000,,
BATTERY,3,90.468237,59003938.000000,,
BATTERY,3,90.468165,59004387.000000,,
BATTERY,3,90.467612,59005572.000000,,
BATTERY,3,90.467349,59007204.000000,,
BATTERY,3,90.467349,59007204.000000,,
BATTERY,3,90.467039,59009124.000000,,
BATTERY,3,90.467039,59009124.000000,,
BATTERY,3,90.466519,59012357.000000,,
BATTERY,3,90.466519,59012357.000000,,
BATTERY,3,90.307187,60001312.000000,,
BATTERY,3,90.307187,60001312.000000,,
BATTERY,3,90.306975,60002625.000000,,
BATTERY,3,90.306975,60002625.000000,,
BATTERY,3,90.306764,60003938.000000,,
BATTERY,3,90.306764,60003938.000000,,
BATTERY,3,90.306697,60004354.000000,,
BATTERY,3,90.306144,60005539.000000,,
BATTERY,3,90.305829,60007491.000000,,
BATTERY,3,90.305829,60007491.000000,,
BATTERY,3,90.305412,60010084.000000,,
BATTERY,3,90.305412,60010084.000000,,
BATTERY,3,90.145904,61000128.000000,,
BATTERY,3,90.145351,61001313.000000,,
BATTERY,3,90.145094,61002912.000000,,
BATTERY,3,90.145094,61002912.000000,,
BATTERY,3,90.144831,61004545.000000,,
BATTERY,3,90.144831,61004545.000000,,
BATTERY,3,90.144619,61005858.000000,,
BATTERY,3,90.144619,61005858.000000,,
BATTERY,3,90.144361,61007458.000000,,
BATTERY,3,90.144361,61007458.000000,,
BATTERY,3,90.144098,61009091.000000,,
BATTERY,3,90.144098,61009091.000000,,
BATTERY,3,89.984240,62001312.000000,,
BATTERY,3,89.984240,62001312.000000,,
BATTERY,3,89.983926,62003265.000000,,
BATTERY,3,89.983926,62003265.000000,,
BATTERY,3,89.983714,62004578.000000,,
BATTERY,3,89.983714,62004578.000000,,
BATTERY,3,89.983503,62005891.000000,,
BATTERY,3,89.983503,62005891.000000,,
BATTERY,3,89.983384,62006627.000000,,
BATTERY,3,89.982831,62007812.000000,,
BATTERY,3,89.982620,62009124.000000,,
BATTERY,3,89.982620,62009124.000000,,
BATTERY,3,89.982259,62011364.000000,,
BATTERY,3,89.982259,62011364.000000,,
BATTERY,3,89.981790,62014277.000000,,
BATTERY,3,89.981790,62014277.000000,,
BATTERY,3,89.822767,63001312.000000,,
BATTERY,3,89.822767,63001312.000000,,
BATTERY,3,89.822700,63001728.000000,,
BATTERY,3,89.822147,63002913.000000,,
BATTERY,3,89.821931,63004258.000000,,
BATTERY,3,89.821931,63004258.000000,,
BATTERY,3,89.821621,63006178.000000,,
BATTERY,3,89.821621,63006178.000000,,
BATTERY,3,89.821358,63007811.000000,,
BATTERY,3,89.821358,63007811.000000,,
BATTERY,3,89.821095,63009444.000000,,
BATTERY,3,89.821095,63009444.000000,,
BATTERY,3,89.661294,64001312.000000,,
BATTERY,3,89.661294,64001312.000000,,
BATTERY,3,89.660985,64003232.000000,,
BATTERY,3,89.660985,64003232.000000,,
BATTERY,3,89.660768,64004578.000000,,
BATTERY,3,89.660768,64004578.000000,,
BATTERY,3,89.660299,64007491.000000,,
BATTERY,3,89.660299,64007491.000000,,
BATTERY,3,89.660035,64009124.000000,,
BATTERY,3,89.660035,64009124.000000,,
BATTERY,3,89.659917,64009860.000000,,
BATTERY,3,89.659364,64011045.000000,,
BATTERY,3,89.500012,65000128.000000,,
BATTERY,3,89.499459,65001313.000000,,
BATTERY,3,89.499247,65002625.000000,,
BATTERY,3,89.499247,65002625.000000,,
BATTERY,3,89.498886,65004865.000000,,
BATTERY,3,89.498886,65004865.000000,,
BATTERY,3,89.498417,65007778.000000,,
BATTERY,3,89.498417,65007778.000000,,
BATTERY,3,89.497896,65011011.000000,,
BATTERY,3,89.497896,65011011.000000,,
BATTERY,3,89.338141,66002592.000000,,
BATTERY,3,89.338141,66002592.000000,,
BATTERY,3,89.337930,66003905.000000,,
BATTERY,3,89.337930,66003905.000000,,
BATTERY,3,89.337909,66004034.000000,,
BATTERY,3,89.337356,66005219.000000,,
BATTERY,3,89.337099,66006818.000000,,
BATTERY,3,89.337099,66006818.000000,,
BATTERY,3,89.336779,66008804.000000,,
BATTERY,3,89.336779,66008804.000000,,
BATTERY,3,89.336361,66011397.000000,,
BATTERY,3,89.336361,66011397.000000,,
BATTERY,3,89.176823,67001632.000000,,
BATTERY,3,89.176823,67001632.000000,,
BATTERY,3,89.176611,67002945.000000,,
BATTERY,3,89.176611,67002945.000000,,
BATTERY,3,89.176297,67004898.000000,,
BATTERY,3,89.176297,67004898.000000,,
BATTERY,3,89.176039,67006498.000000,,
BATTERY,3,89.176039,67006498.000000,,
BATTERY,3,89.175967,67006947.000000,,
BATTERY,3,89.175414,67008132.000000,,
BATTERY,3,89.174893,67011364.000000,,
BATTERY,3,89.174893,67011364.000000,,
BATTERY,3,89.015401,68001312.000000,,
BATTERY,3,89.015401,68001312.000000,,
BATTERY,3,89.015190,68002625.000000,,
BATTERY,3,89.015190,68002625.000000,,
BATTERY,3,89.014978,68003938.000000,,
BATTERY,3,89.014978,68003938.000000,,
BATTERY,3,89.014720,68005538.000000,,
BATTERY,3,89.014720,68005538.000000,,
BATTERY,3,89.014509,68006851.000000,,
BATTERY,3,89.014509,68006851.000000,,
BATTERY,3,89.014127,68009220.000000,,
BATTERY,3,89.013574,68010405.000000,,
BATTERY,3,88.853928,69001312.000000,,
BATTERY,3,88.853928,69001312.000000,,
BATTERY,3,88.853619,69003232.000000,,
BATTERY,3,88.853619,69003232.000000,,
BATTERY,3,88.853546,69003681.000000,,
BATTERY,3,88.852993,69004866.000000,,
BATTERY,3,88.852679,69006818.000000,,
BATTERY,3,88.852679,69006818.000000,,
BATTERY,3,88.852421,69008418.000000,,
BATTERY,3,88.852421,69008418.000000,,
BATTERY,3,88.852158,69010051.000000,,
BATTERY,3,88.852158,69010051.000000,,
BATTERY,3,88.692594,70000448.000000,,
BATTERY,3,88.692041,70001633.000000,,
BATTERY,3,88.691830,70002945.000000,,
BATTERY,3,88.691830,70002945.000000,,
BATTERY,3,88.691618,70004258.000000,,
BATTERY,3,88.691618,70004258.000000,,
BATTERY,3,88.691252,70006531.000000,,
BATTERY,3,88.691252,70006531.000000,,
BATTERY,3,88.690886,70008804.000000,,
BATTERY,3,88.690886,70008804.000000,,
BATTERY,3,88.690623,70010437.000000,,
BATTERY,3,88.690623,70010437.000000,,
BATTERY,3,88.690365,70012037.000000,,
BATTERY,3,88.690365,70012037.000000,,
BATTERY,3,88.530982,71001312.000000,,
BATTERY,3,88.530982,71001312.000000,,
BATTERY,3,88.530667,71003265.000000,,
BATTERY,3,88.530667,71003265.000000,,
BATTERY,3,88.530646,71003394.000000,,
BATTERY,3,88.530093,71004579.000000,,
BATTERY,3,88.529882,71005891.000000,,
BATTERY,3,88.529882,71005891.000000,,
BATTERY,3,88.529619,71007524.000000,,
BATTERY,3,88.529619,71007524.000000,,
BATTERY,3,88.529407,71008837.000000,,
BATTERY,3,88.529407,71008837.000000,,
BATTERY,3,88.528835,71012390.000000,,
BATTERY,3,88.528835,71012390.000000,,
BATTERY,3,88.369509,72001312.000000,,
BATTERY,3,88.369509,72001312.000000,,
BATTERY,3,88.369488,72001441.000000,,
BATTERY,3,88.368935,72002626.000000,,
BATTERY,3,88.368723,72003938.000000,,
BATTERY,3,88.368723,72003938.000000,,
BATTERY,3,88.368414,72005858.000000,,
BATTERY,3,88.368414,72005858.000000,,
BATTERY,3,88.367888,72009124.000000,,
BATTERY,3,88.367888,72009124.000000,,
BATTERY,3,88.207984,73001632.000000,,
BATTERY,3,88.207984,73001632.000000,,
BATTERY,3,88.207963,73001761.000000,,
BATTERY,3,88.207410,73002946.000000,,
BATTERY,3,88.207096,73004898.000000,,
BATTERY,3,88.207096,73004898.000000,,
BATTERY,3,88.206884,73006211.000000,,
BATTERY,3,88.206884,73006211.000000,,
BATTERY,3,88.046511,74001632.000000,,
BATTERY,3,88.046511,74001632.000000,,
BATTERY,3,88.046248,74003265.000000,,
BATTERY,3,88.046248,74003265.000000,,
BATTERY,3,88.045990,74004865.000000,,
BATTERY,3,88.045990,74004865.000000,,
BATTERY,3,88.045912,74005347.000000,,
BATTERY,3,88.045359,74006532.000000,,
BATTERY,3,87.885037,75001632.000000,,
BATTERY,3,87.885037,75001632.000000,,
BATTERY,3,87.884826,75002945.000000,,
BATTERY,3,87.884826,75002945.000000,,
BATTERY,3,87.884805,75003074.000000,,
BATTERY,3,87.884252,75004259.000000,,
BATTERY,3,87.883989,75005891.000000,,
BATTERY,3,87.883989,75005891.000000,,
BATTERY,3,87.883520,75008804.000000,,
BATTERY,3,87.883520,75008804.000000,,
BATTERY,3,87.883205,75010757.000000,,
BATTERY,3,87.883205,75010757.000000,,
BATTERY,3,87.723807,76000128.000000,,
BATTERY,3,87.723254,76001313.000000,,
BATTERY,3,87.723042,76002625.000000,,
BATTERY,3,87.723042,76002625.000000,,
BATTERY,3,87.722831,76003938.000000,,
BATTERY,3,87.722831,76003938.000000,,
BATTERY,3,87.722568,76005571.000000,,
BATTERY,3,87.722568,76005571.000000,,
BATTERY,3,87.722356,76006884.000000,,
BATTERY,3,87.722356,76006884.000000,,
BATTERY,3,87.722093,76008517.000000,,
BATTERY,3,87.722093,76008517.000000,,
BATTERY,3,87.562282,77000448.000000,,
BATTERY,3,87.561729,77001633.000000,,
BATTERY,3,87.561517,77002945.000000,,
BATTERY,3,87.561517,77002945.000000,,
BATTERY,3,87.561254,77004578.000000,,
BATTERY,3,87.561254,77004578.000000,,
BATTERY,3,87.560997,77006178.000000,,
BATTERY,3,87.560997,77006178.000000,,
BATTERY,3,87.560527,77009091.000000,,
BATTERY,3,87.560527,77009091.000000,,
BATTERY,3,87.400669,78001312.000000,,
BATTERY,3,87.400669,78001312.000000,,
BATTERY,3,87.400458,78002625.000000,,
BATTERY,3,87.400458,78002625.000000,,
BATTERY,3,87.400282,78003714.000000,,
BATTERY,3,87.399729,78004899.000000,,
BATTERY,3,87.399363,78007171.000000,,
BATTERY,3,87.399363,78007171.000000,,
BATTERY,3,87.399049,78009124.000000,,
BATTERY,3,87.399049,78009124.000000,,
BATTERY,3,87.398837,78010437.000000,,
BATTERY,3,87.398837,78010437.000000,,
BATTERY,3,87.239196,79001312.000000,,
BATTERY,3,87.239196,79001312.000000,,
BATTERY,3,87.239175,79001441.000000,,
BATTERY,3,87.238622,79002626.000000,,
BATTERY,3,87.238411,79003938.000000,,
BATTERY,3,87.238411,79003938.000000,,
BATTERY,3,87.238148,79005571.000000,,
BATTERY,3,87.238148,79005571.000000,,
BATTERY,3,87.237833,79007524.000000,,
BATTERY,3,87.237833,79007524.000000,,
BATTERY,3,87.237519,79009477.000000,,
BATTERY,3,87.237519,79009477.000000,,
BATTERY,3,87.077671,80001632.000000,,
BATTERY,3,87.077671,80001632.000000,,
BATTERY,3,87.077460,80002945.000000,,
BATTERY,3,87.077460,80002945.000000,,
BATTERY,3,87.077145,80004898.000000,,
BATTERY,3,87.077145,80004898.000000,,
BATTERY,3,87.076831,80006851.000000,,
BATTERY,3,87.076831,80006851.000000,,
BATTERY,3,87.076516,80008804.000000,,
BATTERY,3,87.076516,80008804.000000,,
BATTERY,3,87.076392,80009573.000000,,
BATTERY,3,87.075839,80010758.000000,,
BATTERY,3,87.075318,80013990.000000,,
BATTERY,3,87.075318,80013990.000000,,
BATTERY,3,86.916250,81001312.000000,,
BATTERY,3,86.916250,81001312.000000,,
BATTERY,3,86.916038,81002625.000000,,
BATTERY,3,86.916038,81002625.000000,,
BATTERY,3,86.915827,81003938.000000,,
BATTERY,3,86.915827,81003938.000000,,
BATTERY,3,86.915615,81005251.000000,,
BATTERY,3,86.915615,81005251.000000,,
BATTERY,3,86.915497,81005987.000000,,
BATTERY,3,86.914944,81007172.000000,,
BATTERY,3,86.914727,81008517.000000,,
BATTERY,3,86.914727,81008517.000000,,
BATTERY,3,86.754725,82001632.000000,,
BATTERY,3,86.754725,82001632.000000,,
BATTERY,3,86.754467,82003232.000000,,
BATTERY,3,86.754467,82003232.000000,,
BATTERY,3,86.754147,82005218.000000,,
BATTERY,3,86.754147,82005218.000000,,
BATTERY,3,86.753781,82007491.000000,,
BATTERY,3,86.753781,82007491.000000,,
BATTERY,3,86.753399,82009860.000000,,
BATTERY,3,86.752846,82011045.000000,,
BATTERY,3,86.593303,83001312.000000,,
BATTERY,3,86.593303,83001312.000000,,
BATTERY,3,86.593236,83001728.000000,,
BATTERY,3,86.592683,83002913.000000,,
BATTERY,3,86.592467,83004258.000000,,
BATTERY,3,86.592467,83004258.000000,,
BATTERY,3,86.592204,83005891.000000,,
BATTERY,3,86.592204,83005891.000000,,
BATTERY,3,86.591940,83007524.000000,,
BATTERY,3,86.591940,83007524.000000,,
BATTERY,3,86.591574,83009797.000000,,
BATTERY,3,86.591574,83009797.000000,,
BATTERY,3,86.431830,84001312.000000,,
BATTERY,3,86.431830,84001312.000000,,
BATTERY,3,86.431758,84001761.000000,,
BATTERY,3,86.431205,84002946.000000,,
BATTERY,3,86.430947,84004545.000000,,
BATTERY,3,86.430947,84004545.000000,,
BATTERY,3,86.430421,84007811.000000,,
BATTERY,3,86.430421,84007811.000000,,
BATTERY,3,86.270254,85001952.000000,,
BATTERY,3,86.270254,85001952.000000,,
BATTERY,3,86.270042,85003265.000000,,
BATTERY,3,86.270042,85003265.000000,,
BATTERY,3,86.269779,85004898.000000,,
BATTERY,3,86.269779,85004898.000000,,
BATTERY,3,86.269758,85005027.000000,,
BATTERY,3,86.269205,85006212.000000,,
BATTERY,3,86.268994,85007524.000000,,
BATTERY,3,86.268994,85007524.000000,,
BATTERY,3,86.268473,85010757.000000,,
BATTERY,3,86.268473,85010757.000000,,
BATTERY,3,86.108884,86001312.000000,,
BATTERY,3,86.108884,86001312.000000,,
BATTERY,3,86.108672,86002625.000000,,
BATTERY,3,86.108672,86002625.000000,,
BATTERY,3,86.108409,86004258.000000,,
BATTERY,3,86.108409,86004258.000000,,
BATTERY,3,86.108234,86005347.000000,,
BATTERY,3,86.107681,86006532.000000,,
BATTERY,3,86.107263,86009124.000000,,
BATTERY,3,86.107263,86009124.000000,,
BATTERY,3,85.947308,87001952.000000,,
BATTERY,3,85.947308,87001952.000000,,
BATTERY,3,85.947287,87002081.000000,,
BATTERY,3,85.946734,87003266.000000,,
BATTERY,3,85.946419,87005218.000000,,
BATTERY,3,85.946419,87005218.000000,,
BATTERY,3,85.946105,87007171.000000,,
BATTERY,3,85.946105,87007171.000000,,
BATTERY,3,85.785886,88001632.000000,,
BATTERY,3,85.785886,88001632.000000,,
BATTERY,3,85.785819,88002048.000000,,
BATTERY,3,85.785266,88003233.000000,,
BATTERY,3,85.785003,88004865.000000,,
BATTERY,3,85.785003,88004865.000000,,
BATTERY,3,85.784740,88006498.000000,,
BATTERY,3,85.784740,88006498.000000,,
BATTERY,3,85.784425,88008451.000000,,
BATTERY,3,85.784425,88008451.000000,,
BATTERY,3,85.784162,88010084.000000,,
BATTERY,3,85.784162,88010084.000000,,
BATTERY,3,85.624655,89000128.000000,,
BATTERY,3,85.624102,89001313.000000,,
BATTERY,3,85.623891,89002625.000000,,
BATTERY,3,85.623891,89002625.000000,,
BATTERY,3,85.623679,89003938.000000,,
BATTERY,3,85.623679,89003938.000000,,
BATTERY,3,85.623468,89005251.000000,,
BATTERY,3,85.623468,89005251.000000,,
BATTERY,3,85.623256,89006564.000000,,
BATTERY,3,85.623256,89006564.000000,,
BATTERY,3,85.622998,89008164.000000,,
BATTERY,3,85.622998,89008164.000000,,
BATTERY,3,85.622426,89011717.000000,,
BATTERY,3,85.622426,89011717.000000,,
BATTERY,3,85.462991,90001312.000000,,
BATTERY,3,85.462991,90001312.000000,,
BATTERY,3,85.462924,90001728.000000,,
BATTERY,3,85.462371,90002913.000000,,
BATTERY,3,85.462000,90005218.000000,,
BATTERY,3,85.462000,90005218.000000,,
BATTERY,3,85.461788,90006531.000000,,
BATTERY,3,85.461788,90006531.000000,,
BATTERY,3,85.301518,91001312.000000,,
BATTERY,3,85.301518,91001312.000000,,
BATTERY,3,85.301306,91002625.000000,,
BATTERY,3,85.301306,91002625.000000,,
BATTERY,3,85.301095,91003938.000000,,
BATTERY,3,85.301095,91003938.000000,,
BATTERY,3,85.300837,91005538.000000,,
BATTERY,3,85.300837,91005538.000000,,
BATTERY,3,85.300816,91005667.000000,,
BATTERY,3,85.300263,91006852.000000,,
BATTERY,3,85.300006,91008451.000000,,
BATTERY,3,85.300006,91008451.000000,,
BATTERY,3,85.140045,92001312.000000,,
BATTERY,3,85.140045,92001312.000000,,
BATTERY,3,85.139833,92002625.000000,,
BATTERY,3,85.139833,92002625.000000,,
BATTERY,3,85.139812,92002754.000000,,
BATTERY,3,85.139259,92003939.000000,,
BATTERY,3,85.138996,92005571.000000,,
BATTERY,3,85.138996,92005571.000000,,
BATTERY,3,85.138687,92007491.000000,,
BATTERY,3,85.138687,92007491.000000,,
BATTERY,3,85.138470,92008837.000000,,
BATTERY,3,85.138470,92008837.000000,,
BATTERY,3,85.138104,92011110.000000,,
BATTERY,3,85.138104,92011110.000000,,
BATTERY,3,84.978571,93001312.000000,,
BATTERY,3,84.978571,93001312.000000,,
BATTERY,3,84.978551,93001441.000000,,
BATTERY,3,84.977998,93002626.000000,,
BATTERY,3,84.977683,93004578.000000,,
BATTERY,3,84.977683,93004578.000000,,
BATTERY,3,84.977472,93005891.000000,,
BATTERY,3,84.977472,93005891.000000,,
BATTERY,3,84.977214,93007491.000000,,
BATTERY,3,84.977214,93007491.000000,,
BATTERY,3,84.976641,93011044.000000,,
BATTERY,3,84.976641,93011044.000000,,
BATTERY,3,84.817098,94001312.000000,,
BATTERY,3,84.817098,94001312.000000,,
BATTERY,3,84.816835,94002945.000000,,
BATTERY,3,84.816835,94002945.000000,,
BATTERY,3,84.816624,94004258.000000,,
BATTERY,3,84.816624,94004258.000000,,
BATTERY,3,84.816603,94004387.000000,,
BATTERY,3,84.816050,94005572.000000,,
BATTERY,3,84.815792,94007171.000000,,
BATTERY,3,84.815792,94007171.000000,,
BATTERY,3,84.815529,94008804.000000,,
BATTERY,3,84.815529,94008804.000000,,
BATTERY,3,84.815111,94011397.000000,,
BATTERY,3,84.815111,94011397.000000,,
BATTERY,3,84.655522,95001952.000000,,
BATTERY,3,84.655522,95001952.000000,,
BATTERY,3,84.655310,95003265.000000,,
BATTERY,3,84.655310,95003265.000000,,
BATTERY,3,84.655238,95003714.000000,,
BATTERY,3,84.654685,95004899.000000,,
BATTERY,3,84.654474,95006211.000000,,
BATTERY,3,84.654474,95006211.000000,,
BATTERY,3,84.654164,95008131.000000,,
BATTERY,3,84.654164,95008131.000000,,
BATTERY,3,84.653901,95009764.000000,,
BATTERY,3,84.653901,95009764.000000,,
BATTERY,3,84.494152,96001312.000000,,
BATTERY,3,84.494152,96001312.000000,,
BATTERY,3,84.493894,96002912.000000,,
BATTERY,3,84.493894,96002912.000000,,
BATTERY,3,84.493868,96003074.000000,,
BATTERY,3,84.493315,96004259.000000,,
BATTERY,3,84.493052,96005891.000000,,
BATTERY,3,84.493052,96005891.000000,,
BATTERY,3,84.492737,96007844.000000,,
BATTERY,3,84.492737,96007844.000000,,
BATTERY,3,84.332524,97002272.000000,,
BATTERY,3,84.332524,97002272.000000,,
BATTERY,3,84.332312,97003585.000000,,
BATTERY,3,84.332312,97003585.000000,,
BATTERY,3,84.332245,97004001.000000,,
BATTERY,3,84.331692,97005186.000000,,
BATTERY,3,84.331430,97006818.000000,,
BATTERY,3,84.331430,97006818.000000,,
BATTERY,3,84.331120,97008738.000000,,
BATTERY,3,84.331120,97008738.000000,,
BATTERY,3,84.171205,98001312.000000,,
BATTERY,3,84.171205,98001312.000000,,
BATTERY,3,84.170948,98002912.000000,,
BATTERY,3,84.170948,98002912.000000,,
BATTERY,3,84.170824,98003681.000000,,
BATTERY,3,84.170271,98004866.000000,,
BATTERY,3,84.170008,98006498.000000,,
BATTERY,3,84.170008,98006498.000000,,
BATTERY,3,84.169750,98008098.000000,,
BATTERY,3,84.169750,98008098.000000,,
BATTERY,3,84.169229,98011331.000000,,
BATTERY,3,84.169229,98011331.000000,,
BATTERY,3,84.009681,99001632.000000,,
BATTERY,3,84.009681,99001632.000000,,
BATTERY,3,84.009469,99002945.000000,,
BATTERY,3,84.009469,99002945.000000,,
BATTERY,3,84.009402,99003361.000000,,
BATTERY,3,84.008849,99004546.000000,,
BATTERY,3,84.008529,99006531.000000,,
BATTERY,3,84.008529,99006531.000000,,
BATTERY,3,84.008163,99008804.000000,,
BATTERY,3,84.008163,99008804.000000,,
BATTERY,3,84.004915,99028967.702420,,
