BATTERY,7,99.995316,29071.142420,,
BATTERY,7,99.995316,29071.142420,,
BATTERY,7,99.994579,33647.142420,,
BATTERY,7,99.994579,33647.142420,,
BATTERY,7,99.994558,33776.142420,,
BATTERY,7,99.992930,37265.142420,,
BATTERY,7,99.992348,40881.142420,,
BATTERY,7,99.992348,40881.142420,,
BATTERY,7,99.991713,44818.142420,,
BATTERY,7,99.991713,44818.142420,,
BATTERY,7,99.991130,48435.142420,,
BATTERY,7,99.991130,48435.142420,,
BATTERY,7,99.990548,52052.142420,,
BATTERY,7,99.990548,52052.142420,,
BATTERY,7,99.942540,350031.142420,,
BATTERY,7,99.942540,350031.142420,,
BATTERY,7,99.941906,353967.142420,,
BATTERY,7,99.941906,353967.142420,,
BATTERY,7,99.941272,357904.142420,,
BATTERY,7,99.941272,357904.142420,,
BATTERY,7,99.941096,358993.142420,,
BATTERY,7,99.939468,362482.142420,,
BATTERY,7,99.938834,366418.142420,,
BATTERY,7,99.938834,366418.142420,,
BATTERY,7,99.851097,910991.142420,,
BATTERY,7,99.851097,910991.142420,,
BATTERY,7,99.850463,914927.142420,,
BATTERY,7,99.850463,914927.142420,,
BATTERY,7,99.849880,918544.142420,,
BATTERY,7,99.849880,918544.142420,,
BATTERY,7,99.849297,922161.142420,,
BATTERY,7,99.849297,922161.142420,,
BATTERY,7,99.848663,926098.142420,,
BATTERY,7,99.848663,926098.142420,,
BATTERY,7,99.847977,930355.142420,,
BATTERY,7,99.847977,930355.142420,,
BATTERY,7,99.847905,930804.142420,,
BATTERY,7,99.846277,934293.142420,,
BATTERY,7,99.835221,1002912.000000,,
BATTERY,7,99.835221,1002912.000000,,
BATTERY,7,99.674507,2000448.000000,,
BATTERY,7,99.673954,2001633.000000,,
BATTERY,7,99.673697,2003232.000000,,
BATTERY,7,99.673697,2003232.000000,,
BATTERY,7,99.673485,2004545.000000,,
BATTERY,7,99.673485,2004545.000000,,
BATTERY,7,99.673124,2006785.000000,,
BATTERY,7,99.673124,2006785.000000,,
BATTERY,7,99.672804,2008771.000000,,
BATTERY,7,99.672804,2008771.000000,,
BATTERY,7,99.512895,3001312.000000,,
BATTERY,7,99.512895,3001312.000000,,
BATTERY,7,99.512823,3001761.000000,,
BATTERY,7,99.512270,3002946.000000,,
BATTERY,7,99.512007,3004578.000000,,
BATTERY,7,99.512007,3004578.000000,,
BATTERY,7,99.511697,3006498.000000,,
BATTERY,7,99.511697,3006498.000000,,
BATTERY,7,99.511125,3010051.000000,,
BATTERY,7,99.511125,3010051.000000,,
BATTERY,7,99.351370,4001632.000000,,
BATTERY,7,99.351370,4001632.000000,,
BATTERY,7,99.351112,4003232.000000,,
BATTERY,7,99.351112,4003232.000000,,
BATTERY,7,99.350901,4004545.000000,,
BATTERY,7,99.350901,4004545.000000,,
BATTERY,7,99.350643,4006145.000000,,
BATTERY,7,99.350643,4006145.000000,,
BATTERY,7,99.350426,4007491.000000,,
BATTERY,7,99.350426,4007491.000000,,
BATTERY,7,99.350215,4008804.000000,,
BATTERY,7,99.350215,4008804.000000,,
BATTERY,7,99.349885,4010853.000000,,
BATTERY,7,99.349332,4012038.000000,,
BATTERY,7,99.189897,5001632.000000,,
BATTERY,7,99.189897,5001632.000000,,
BATTERY,7,99.189639,5003232.000000,,
BATTERY,7,99.189639,5003232.000000,,
BATTERY,7,99.189428,5004545.000000,,
BATTERY,7,99.189428,5004545.000000,,
BATTERY,7,99.189170,5006145.000000,,
BATTERY,7,99.189170,5006145.000000,,
BATTERY,7,99.188907,5007778.000000,,
BATTERY,7,99.188907,5007778.000000,,
BATTERY,7,99.188731,5008867.000000,,
BATTERY,7,99.188178,5010052.000000,,
BATTERY,7,99.028475,6001312.000000,,
BATTERY,7,99.028475,6001312.000000,,
BATTERY,7,99.028264,6002625.000000,,
BATTERY,7,99.028264,6002625.000000,,
BATTERY,7,99.028006,6004225.000000,,
BATTERY,7,99.028006,6004225.000000,,
BATTERY,7,99.027934,6004674.000000,,
BATTERY,7,99.027381,6005859.000000,,
BATTERY,7,99.027169,6007171.000000,,
BATTERY,7,99.027169,6007171.000000,,
BATTERY,7,99.026752,6009764.000000,,
BATTERY,7,99.026752,6009764.000000,,
BATTERY,7,98.867002,7001312.000000,,
BATTERY,7,98.867002,7001312.000000,,
BATTERY,7,98.866981,7001441.000000,,
BATTERY,7,98.866428,7002626.000000,,
BATTERY,7,98.866171,7004225.000000,,
BATTERY,7,98.866171,7004225.000000,,
BATTERY,7,98.865856,7006178.000000,,
BATTERY,7,98.865856,7006178.000000,,
BATTERY,7,98.865438,7008771.000000,,
BATTERY,7,98.865438,7008771.000000,,
BATTERY,7,98.865227,7010084.000000,,
BATTERY,7,98.865227,7010084.000000,,
BATTERY,7,98.705477,8001632.000000,,
BATTERY,7,98.705477,8001632.000000,,
BATTERY,7,98.705266,8002945.000000,,
BATTERY,7,98.705266,8002945.000000,,
BATTERY,7,98.705039,8004354.000000,,
BATTERY,7,98.704486,8005539.000000,,
BATTERY,7,98.704171,8007491.000000,,
BATTERY,7,98.704171,8007491.000000,,
BATTERY,7,98.703908,8009124.000000,,
BATTERY,7,98.703908,8009124.000000,,
BATTERY,7,98.544056,9001312.000000,,
BATTERY,7,98.544056,9001312.000000,,
BATTERY,7,98.543983,9001761.000000,,
BATTERY,7,98.543430,9002946.000000,,
BATTERY,7,98.543219,9004258.000000,,
BATTERY,7,98.543219,9004258.000000,,
BATTERY,7,98.542910,9006178.000000,,
BATTERY,7,98.542910,9006178.000000,,
BATTERY,7,98.542544,9008451.000000,,
BATTERY,7,98.542544,9008451.000000,,
BATTERY,7,98.542023,9011684.000000,,
BATTERY,7,98.542023,9011684.000000,,
BATTERY,7,98.382567,10001408.000000,,
BATTERY,7,98.382014,10002593.000000,,
BATTERY,7,98.381803,10003905.000000,,
BATTERY,7,98.381803,10003905.000000,,
BATTERY,7,98.381545,10005505.000000,,
BATTERY,7,98.381545,10005505.000000,,
BATTERY,7,98.381230,10007458.000000,,
BATTERY,7,98.381230,10007458.000000,,
BATTERY,7,98.380864,10009731.000000,,
BATTERY,7,98.380864,10009731.000000,,
BATTERY,7,98.221109,11001312.000000,,
BATTERY,7,98.221109,11001312.000000,,
BATTERY,7,98.220846,11002945.000000,,
BATTERY,7,98.220846,11002945.000000,,
BATTERY,7,98.220779,11003361.000000,,
BATTERY,7,98.220226,11004546.000000,,
BATTERY,7,98.220015,11005858.000000,,
BATTERY,7,98.220015,11005858.000000,,
BATTERY,7,98.219752,11007491.000000,,
BATTERY,7,98.219752,11007491.000000,,
BATTERY,7,98.219540,11008804.000000,,
BATTERY,7,98.219540,11008804.000000,,
BATTERY,7,98.219329,11010117.000000,,
BATTERY,7,98.219329,11010117.000000,,
BATTERY,7,98.059636,12001312.000000,,
BATTERY,7,98.059636,12001312.000000,,
BATTERY,7,98.059373,12002945.000000,,
BATTERY,7,98.059373,12002945.000000,,
BATTERY,7,98.059352,12003074.000000,,
BATTERY,7,98.058799,12004259.000000,,
BATTERY,7,98.058542,12005858.000000,,
BATTERY,7,98.058542,12005858.000000,,
BATTERY,7,98.057969,12009411.000000,,
BATTERY,7,98.057969,12009411.000000,,
BATTERY,7,97.898163,13001312.000000,,
BATTERY,7,97.898163,13001312.000000,,
BATTERY,7,97.897900,13002945.000000,,
BATTERY,7,97.897900,13002945.000000,,
BATTERY,7,97.897833,13003361.000000,,
BATTERY,7,97.897280,13004546.000000,,
BATTERY,7,97.897012,13006211.000000,,
BATTERY,7,97.897012,13006211.000000,,
BATTERY,7,97.896702,13008131.000000,,
BATTERY,7,97.896702,13008131.000000,,
BATTERY,7,97.896181,13011364.000000,,
BATTERY,7,97.896181,13011364.000000,,
BATTERY,7,97.736690,14001312.000000,,
BATTERY,7,97.736690,14001312.000000,,
BATTERY,7,97.736478,14002625.000000,,
BATTERY,7,97.736478,14002625.000000,,
BATTERY,7,97.736215,14004258.000000,,
BATTERY,7,97.736215,14004258.000000,,
BATTERY,7,97.735906,14006178.000000,,
BATTERY,7,97.735906,14006178.000000,,
BATTERY,7,97.735694,14007491.000000,,
BATTERY,7,97.735694,14007491.000000,,
BATTERY,7,97.735437,14009091.000000,,
BATTERY,7,97.735437,14009091.000000,,
BATTERY,7,97.735055,14011460.000000,,
BATTERY,7,97.734502,14012645.000000,,
BATTERY,7,97.575114,15001952.000000,,
BATTERY,7,97.575114,15001952.000000,,
BATTERY,7,97.574902,15003265.000000,,
BATTERY,7,97.574902,15003265.000000,,
BATTERY,7,97.574639,15004898.000000,,
BATTERY,7,97.574639,15004898.000000,,
BATTERY,7,97.574618,15005027.000000,,
BATTERY,7,97.574065,15006212.000000,,
BATTERY,7,97.573854,15007524.000000,,
BATTERY,7,97.573854,15007524.000000,,
BATTERY,7,97.573488,15009797.000000,,
BATTERY,7,97.573488,15009797.000000,,
BATTERY,7,97.573070,15012390.000000,,
BATTERY,7,97.573070,15012390.000000,,
BATTERY,7,97.413743,16001312.000000,,
BATTERY,7,97.413743,16001312.000000,,
BATTERY,7,97.413486,16002912.000000,,
BATTERY,7,97.413486,16002912.000000,,
BATTERY,7,97.413269,16004258.000000,,
BATTERY,7,97.413269,16004258.000000,,
BATTERY,7,97.412959,16006178.000000,,
BATTERY,7,97.412959,16006178.000000,,
BATTERY,7,97.412836,16006947.000000,,
BATTERY,7,97.412283,16008132.000000,,
BATTERY,7,97.252270,17001312.000000,,
BATTERY,7,97.252270,17001312.000000,,
BATTERY,7,97.252059,17002625.000000,,
BATTERY,7,97.252059,17002625.000000,,
BATTERY,7,97.251992,17003041.000000,,
BATTERY,7,97.251439,17004226.000000,,
BATTERY,7,97.251176,17005858.000000,,
BATTERY,7,97.251176,17005858.000000,,
BATTERY,7,97.250866,17007778.000000,,
BATTERY,7,97.250866,17007778.000000,,
BATTERY,7,97.090745,18001632.000000,,
BATTERY,7,97.090745,18001632.000000,,
BATTERY,7,97.090673,18002081.000000,,
BATTERY,7,97.090120,18003266.000000,,
BATTERY,7,97.089811,18005185.000000,,
BATTERY,7,97.089811,18005185.000000,,
BATTERY,7,97.089290,18008418.000000,,
BATTERY,7,97.089290,18008418.000000,,
BATTERY,7,96.929463,19000448.000000,,
BATTERY,7,96.928910,19001633.000000,,
BATTERY,7,96.928652,19003232.000000,,
BATTERY,7,96.928652,19003232.000000,,
BATTERY,7,96.928389,19004865.000000,,
BATTERY,7,96.928389,19004865.000000,,
BATTERY,7,96.928132,19006465.000000,,
BATTERY,7,96.928132,19006465.000000,,
BATTERY,7,96.927915,19007811.000000,,
BATTERY,7,96.927915,19007811.000000,,
BATTERY,7,96.927600,19009764.000000,,
BATTERY,7,96.927600,19009764.000000,,
BATTERY,7,96.767851,20001312.000000,,
BATTERY,7,96.767851,20001312.000000,,
BATTERY,7,96.767593,20002912.000000,,
BATTERY,7,96.767593,20002912.000000,,
BATTERY,7,96.767376,20004258.000000,,
BATTERY,7,96.767376,20004258.000000,,
BATTERY,7,96.767118,20005858.000000,,
BATTERY,7,96.767118,20005858.000000,,
BATTERY,7,96.766994,20006627.000000,,
BATTERY,7,96.766441,20007812.000000,,
BATTERY,7,96.606326,21001632.000000,,
BATTERY,7,96.606326,21001632.000000,,
BATTERY,7,96.606114,21002945.000000,,
BATTERY,7,96.606114,21002945.000000,,
BATTERY,7,96.606047,21003361.000000,,
BATTERY,7,96.605494,21004546.000000,,
BATTERY,7,96.605020,21007491.000000,,
BATTERY,7,96.605020,21007491.000000,,
BATTERY,7,96.604499,21010724.000000,,
BATTERY,7,96.604499,21010724.000000,,
BATTERY,7,96.445043,22000448.000000,,
BATTERY,7,96.444490,22001633.000000,,
BATTERY,7,96.444228,22003265.000000,,
BATTERY,7,96.444228,22003265.000000,,
BATTERY,7,96.444016,22004578.000000,,
BATTERY,7,96.444016,22004578.000000,,
BATTERY,7,96.443804,22005891.000000,,
BATTERY,7,96.443804,22005891.000000,,
BATTERY,7,96.443547,22007491.000000,,
BATTERY,7,96.443547,22007491.000000,,
BATTERY,7,96.443284,22009124.000000,,
BATTERY,7,96.443284,22009124.000000,,
BATTERY,7,96.283431,23001312.000000,,
BATTERY,7,96.283431,23001312.000000,,
BATTERY,7,96.283220,23002625.000000,,
BATTERY,7,96.283220,23002625.000000,,
BATTERY,7,96.282956,23004258.000000,,
BATTERY,7,96.282956,23004258.000000,,
BATTERY,7,96.282838,23004994.000000,,
BATTERY,7,96.282285,23006179.000000,,
BATTERY,7,96.281913,23008484.000000,,
BATTERY,7,96.281913,23008484.000000,,
BATTERY,7,96.121958,24001312.000000,,
BATTERY,7,96.121958,24001312.000000,,
BATTERY,7,96.121746,24002625.000000,,
BATTERY,7,96.121746,24002625.000000,,
BATTERY,7,96.121483,24004258.000000,,
BATTERY,7,96.121483,24004258.000000,,
BATTERY,7,96.121462,24004387.000000,,
BATTERY,7,96.120909,24005572.000000,,
BATTERY,7,96.120652,24007171.000000,,
BATTERY,7,96.120652,24007171.000000,,
BATTERY,7,96.120383,24008837.000000,,
BATTERY,7,96.120383,24008837.000000,,
BATTERY,7,95.960485,25001312.000000,,
BATTERY,7,95.960485,25001312.000000,,
BATTERY,7,95.960412,25001761.000000,,
BATTERY,7,95.959859,25002946.000000,,
BATTERY,7,95.959648,25004258.000000,,
BATTERY,7,95.959648,25004258.000000,,
BATTERY,7,95.959333,25006211.000000,,
BATTERY,7,95.959333,25006211.000000,,
BATTERY,7,95.958812,25009444.000000,,
BATTERY,7,95.958812,25009444.000000,,
BATTERY,7,95.799011,26001312.000000,,
BATTERY,7,95.799011,26001312.000000,,
BATTERY,7,95.798991,26001441.000000,,
BATTERY,7,95.798438,26002626.000000,,
BATTERY,7,95.798180,26004225.000000,,
BATTERY,7,95.798180,26004225.000000,,
BATTERY,7,95.797654,26007491.000000,,
BATTERY,7,95.797654,26007491.000000,,
BATTERY,7,95.797185,26010404.000000,,
BATTERY,7,95.797185,26010404.000000,,
BATTERY,7,95.637538,27001312.000000,,
BATTERY,7,95.637538,27001312.000000,,
BATTERY,7,95.637229,27003232.000000,,
BATTERY,7,95.637229,27003232.000000,,
BATTERY,7,95.637157,27003681.000000,,
BATTERY,7,95.636604,27004866.000000,,
BATTERY,7,95.636341,27006498.000000,,
BATTERY,7,95.636341,27006498.000000,,
BATTERY,7,95.635871,27009411.000000,,
BATTERY,7,95.635871,27009411.000000,,
BATTERY,7,95.635557,27011364.000000,,
BATTERY,7,95.635557,27011364.000000,,
BATTERY,7,95.635036,27014597.000000,,
BATTERY,7,95.635036,27014597.000000,,
BATTERY,7,95.476014,28001632.000000,,
BATTERY,7,95.476014,28001632.000000,,
BATTERY,7,95.475947,28002048.000000,,
BATTERY,7,95.475394,28003233.000000,,
BATTERY,7,95.475177,28004578.000000,,
BATTERY,7,95.475177,28004578.000000,,
BATTERY,7,95.474816,28006818.000000,,
BATTERY,7,95.474816,28006818.000000,,
BATTERY,7,95.314540,29001632.000000,,
BATTERY,7,95.314540,29001632.000000,,
BATTERY,7,95.314283,29003232.000000,,
BATTERY,7,95.314283,29003232.000000,,
BATTERY,7,95.313968,29005185.000000,,
BATTERY,7,95.313968,29005185.000000,,
BATTERY,7,95.313901,29005601.000000,,
BATTERY,7,95.313348,29006786.000000,,
BATTERY,7,95.313085,29008418.000000,,
BATTERY,7,95.313085,29008418.000000,,
BATTERY,7,95.312827,29010018.000000,,
BATTERY,7,95.312827,29010018.000000,,
BATTERY,7,95.153119,30001312.000000,,
BATTERY,7,95.153119,30001312.000000,,
BATTERY,7,95.152907,30002625.000000,,
BATTERY,7,95.152907,30002625.000000,,
BATTERY,7,95.152886,30002754.000000,,
BATTERY,7,95.152333,30003939.000000,,
BATTERY,7,95.152122,30005251.000000,,
BATTERY,7,95.152122,30005251.000000,,
BATTERY,7,95.151859,30006884.000000,,
BATTERY,7,95.151859,30006884.000000,,
BATTERY,7,95.151601,30008484.000000,,
BATTERY,7,95.151601,30008484.000000,,
BATTERY,7,94.991646,31001312.000000,,
BATTERY,7,94.991646,31001312.000000,,
BATTERY,7,94.991388,31002912.000000,,
BATTERY,7,94.991388,31002912.000000,,
BATTERY,7,94.991171,31004258.000000,,
BATTERY,7,94.991171,31004258.000000,,
BATTERY,7,94.990805,31006531.000000,,
BATTERY,7,94.990805,31006531.000000,,
BATTERY,7,94.990593,31007844.000000,,
BATTERY,7,94.990593,31007844.000000,,
BATTERY,7,94.990469,31008613.000000,,
BATTERY,7,94.989916,31009798.000000,,
BATTERY,7,94.989396,31013030.000000,,
BATTERY,7,94.989396,31013030.000000,,
BATTERY,7,94.830172,32001312.000000,,
BATTERY,7,94.830172,32001312.000000,,
BATTERY,7,94.829961,32002625.000000,,
BATTERY,7,94.829961,32002625.000000,,
BATTERY,7,94.829651,32004545.000000,,
BATTERY,7,94.829651,32004545.000000,,
BATTERY,7,94.829388,32006178.000000,,
BATTERY,7,94.829388,32006178.000000,,
BATTERY,7,94.829125,32007811.000000,,
BATTERY,7,94.829125,32007811.000000,,
BATTERY,7,94.828847,32009540.000000,,
BATTERY,7,94.828294,32010725.000000,,
BATTERY,7,94.668596,33001952.000000,,
BATTERY,7,94.668596,33001952.000000,,
BATTERY,7,94.668338,33003552.000000,,
BATTERY,7,94.668338,33003552.000000,,
BATTERY,7,94.668075,33005185.000000,,
BATTERY,7,94.668075,33005185.000000,,
BATTERY,7,94.668003,33005634.000000,,
BATTERY,7,94.667450,33006819.000000,,
BATTERY,7,94.667032,33009411.000000,,
BATTERY,7,94.667032,33009411.000000,,
BATTERY,7,94.666460,33012964.000000,,
BATTERY,7,94.666460,33012964.000000,,
BATTERY,7,94.507071,34002272.000000,,
BATTERY,7,94.507071,34002272.000000,,
BATTERY,7,94.506808,34003905.000000,,
BATTERY,7,94.506808,34003905.000000,,
BATTERY,7,94.506597,34005218.000000,,
BATTERY,7,94.506597,34005218.000000,,
BATTERY,7,94.506287,34007138.000000,,
BATTERY,7,94.506287,34007138.000000,,
BATTERY,7,94.506215,34007587.000000,,
BATTERY,7,94.505662,34008772.000000,,
BATTERY,7,94.505296,34011044.000000,,
BATTERY,7,94.505296,34011044.000000,,
BATTERY,7,94.504827,34013957.000000,,
BATTERY,7,94.504827,34013957.000000,,
BATTERY,7,94.345943,35000128.000000,,
BATTERY,7,94.345390,35001313.000000,,
BATTERY,7,94.345128,35002945.000000,,
BATTERY,7,94.345128,35002945.000000,,
BATTERY,7,94.344916,35004258.000000,,
BATTERY,7,94.344916,35004258.000000,,
BATTERY,7,94.344658,35005858.000000,,
BATTERY,7,94.344658,35005858.000000,,
BATTERY,7,94.184470,36000128.000000,,
BATTERY,7,94.183917,36001313.000000,,
BATTERY,7,94.183660,36002912.000000,,
BATTERY,7,94.183660,36002912.000000,,
BATTERY,7,94.183397,36004545.000000,,
BATTERY,7,94.183397,36004545.000000,,
BATTERY,7,94.183185,36005858.000000,,
BATTERY,7,94.183185,36005858.000000,,
BATTERY,7,94.182870,36007811.000000,,
BATTERY,7,94.182870,36007811.000000,,
BATTERY,7,94.182401,36010724.000000,,
BATTERY,7,94.182401,36010724.000000,,
BATTERY,7,94.022806,37001312.000000,,
BATTERY,7,94.022806,37001312.000000,,
BATTERY,7,94.022595,37002625.000000,,
BATTERY,7,94.022595,37002625.000000,,
BATTERY,7,94.022337,37004225.000000,,
BATTERY,7,94.022337,37004225.000000,,
BATTERY,7,94.022074,37005858.000000,,
BATTERY,7,94.022074,37005858.000000,,
BATTERY,7,94.021950,37006627.000000,,
BATTERY,7,94.021397,37007812.000000,,
BATTERY,7,93.861524,38000128.000000,,
BATTERY,7,93.860971,38001313.000000,,
BATTERY,7,93.860760,38002625.000000,,
BATTERY,7,93.860760,38002625.000000,,
BATTERY,7,93.860502,38004225.000000,,
BATTERY,7,93.860502,38004225.000000,,
BATTERY,7,93.860239,38005858.000000,,
BATTERY,7,93.860239,38005858.000000,,
BATTERY,7,93.859718,38009091.000000,,
BATTERY,7,93.859718,38009091.000000,,
BATTERY,7,93.859352,38011364.000000,,
BATTERY,7,93.859352,38011364.000000,,
BATTERY,7,93.700051,39000128.000000,,
BATTERY,7,93.699498,39001313.000000,,
BATTERY,7,93.699286,39002625.000000,,
BATTERY,7,93.699286,39002625.000000,,
BATTERY,7,93.699075,39003938.000000,,
BATTERY,7,93.699075,39003938.000000,,
BATTERY,7,93.698863,39005251.000000,,
BATTERY,7,93.698863,39005251.000000,,
BATTERY,7,93.698605,39006851.000000,,
BATTERY,7,93.698605,39006851.000000,,
BATTERY,7,93.698394,39008164.000000,,
BATTERY,7,93.698394,39008164.000000,,
BATTERY,7,93.698131,39009797.000000,,
BATTERY,7,93.698131,39009797.000000,,
BATTERY,7,93.538335,40001632.000000,,
BATTERY,7,93.538335,40001632.000000,,
BATTERY,7,93.538124,40002945.000000,,
BATTERY,7,93.538124,40002945.000000,,
BATTERY,7,93.538057,40003361.000000,,
BATTERY,7,93.537504,40004546.000000,,
BATTERY,7,93.537292,40005858.000000,,
BATTERY,7,93.537292,40005858.000000,,
BATTERY,7,93.537081,40007171.000000,,
BATTERY,7,93.537081,40007171.000000,,
BATTERY,7,93.536818,40008804.000000,,
BATTERY,7,93.536818,40008804.000000,,
BATTERY,7,93.536560,40010404.000000,,
BATTERY,7,93.536560,40010404.000000,,
BATTERY,7,93.376914,41001312.000000,,
BATTERY,7,93.376914,41001312.000000,,
BATTERY,7,93.376702,41002625.000000,,
BATTERY,7,93.376702,41002625.000000,,
BATTERY,7,93.376490,41003938.000000,,
BATTERY,7,93.376490,41003938.000000,,
BATTERY,7,93.376130,41006178.000000,,
BATTERY,7,93.376130,41006178.000000,,
BATTERY,7,93.376057,41006627.000000,,
BATTERY,7,93.375504,41007812.000000,,
BATTERY,7,93.215389,42001632.000000,,
BATTERY,7,93.215389,42001632.000000,,
BATTERY,7,93.215177,42002945.000000,,
BATTERY,7,93.215177,42002945.000000,,
BATTERY,7,93.215156,42003074.000000,,
BATTERY,7,93.214603,42004259.000000,,
BATTERY,7,93.214341,42005891.000000,,
BATTERY,7,93.214341,42005891.000000,,
BATTERY,7,93.053967,43001312.000000,,
BATTERY,7,93.053967,43001312.000000,,
BATTERY,7,93.053756,43002625.000000,,
BATTERY,7,93.053756,43002625.000000,,
BATTERY,7,93.053544,43003938.000000,,
BATTERY,7,93.053544,43003938.000000,,
BATTERY,7,93.053472,43004387.000000,,
BATTERY,7,93.052919,43005572.000000,,
BATTERY,7,93.052656,43007204.000000,,
BATTERY,7,93.052656,43007204.000000,,
BATTERY,7,93.052398,43008804.000000,,
BATTERY,7,93.052398,43008804.000000,,
BATTERY,7,93.051877,43012037.000000,,
BATTERY,7,93.051877,43012037.000000,,
BATTERY,7,92.892442,44001632.000000,,
BATTERY,7,92.892442,44001632.000000,,
BATTERY,7,92.892422,44001761.000000,,
BATTERY,7,92.891869,44002946.000000,,
BATTERY,7,92.891657,44004258.000000,,
BATTERY,7,92.891657,44004258.000000,,
BATTERY,7,92.891394,44005891.000000,,
BATTERY,7,92.891394,44005891.000000,,
BATTERY,7,92.891136,44007491.000000,,
BATTERY,7,92.891136,44007491.000000,,
BATTERY,7,92.890920,44008837.000000,,
BATTERY,7,92.890920,44008837.000000,,
BATTERY,7,92.731021,45001312.000000,,
BATTERY,7,92.731021,45001312.000000,,
BATTERY,7,92.730954,45001728.000000,,
BATTERY,7,92.730401,45002913.000000,,
BATTERY,7,92.730189,45004225.000000,,
BATTERY,7,92.730189,45004225.000000,,
BATTERY,7,92.729978,45005538.000000,,
BATTERY,7,92.729978,45005538.000000,,
BATTERY,7,92.729720,45007138.000000,,
BATTERY,7,92.729720,45007138.000000,,
BATTERY,7,92.729509,45008451.000000,,
BATTERY,7,92.729509,45008451.000000,,
BATTERY,7,92.729251,45010051.000000,,
BATTERY,7,92.729251,45010051.000000,,
BATTERY,7,92.569548,46001312.000000,,
BATTERY,7,92.569548,46001312.000000,,
BATTERY,7,92.569285,46002945.000000,,
BATTERY,7,92.569285,46002945.000000,,
BATTERY,7,92.569212,46003394.000000,,
BATTERY,7,92.568659,46004579.000000,,
BATTERY,7,92.568402,46006178.000000,,
BATTERY,7,92.568402,46006178.000000,,
BATTERY,7,92.567984,46008771.000000,,
BATTERY,7,92.567984,46008771.000000,,
BATTERY,7,92.407971,47001952.000000,,
BATTERY,7,92.407971,47001952.000000,,
BATTERY,7,92.407708,47003585.000000,,
BATTERY,7,92.407708,47003585.000000,,
BATTERY,7,92.407497,47004898.000000,,
BATTERY,7,92.407497,47004898.000000,,
BATTERY,7,92.407476,47005027.000000,,
BATTERY,7,92.406923,47006212.000000,,
BATTERY,7,92.406711,47007524.000000,,
BATTERY,7,92.406711,47007524.000000,,
BATTERY,7,92.406191,47010757.000000,,
BATTERY,7,92.406191,47010757.000000,,
BATTERY,7,92.246792,48000128.000000,,
BATTERY,7,92.246239,48001313.000000,,
BATTERY,7,92.245981,48002912.000000,,
BATTERY,7,92.245981,48002912.000000,,
BATTERY,7,92.245770,48004225.000000,,
BATTERY,7,92.245770,48004225.000000,,
BATTERY,7,92.245460,48006145.000000,,
BATTERY,7,92.245460,48006145.000000,,
BATTERY,7,92.244940,48009378.000000,,
BATTERY,7,92.244940,48009378.000000,,
BATTERY,7,92.244728,48010691.000000,,
BATTERY,7,92.244728,48010691.000000,,
BATTERY,7,92.085267,49000448.000000,,
BATTERY,7,92.084714,49001633.000000,,
BATTERY,7,92.084400,49003585.000000,,
BATTERY,7,92.084400,49003585.000000,,
BATTERY,7,92.084137,49005218.000000,,
BATTERY,7,92.084137,49005218.000000,,
BATTERY,7,92.083925,49006531.000000,,
BATTERY,7,92.083925,49006531.000000,,
BATTERY,7,92.083559,49008804.000000,,
BATTERY,7,92.083559,49008804.000000,,
BATTERY,7,92.083244,49010757.000000,,
BATTERY,7,92.083244,49010757.000000,,
BATTERY,7,91.923655,50001312.000000,,
BATTERY,7,91.923655,50001312.000000,,
BATTERY,7,91.923443,50002625.000000,,
BATTERY,7,91.923443,50002625.000000,,
BATTERY,7,91.923134,50004545.000000,,
BATTERY,7,91.923134,50004545.000000,,
BATTERY,7,91.923113,50004674.000000,,
BATTERY,7,91.922560,50005859.000000,,
BATTERY,7,91.922303,50007458.000000,,
BATTERY,7,91.922303,50007458.000000,,
BATTERY,7,91.921983,50009444.000000,,
BATTERY,7,91.921983,50009444.000000,,
BATTERY,7,91.921771,50010757.000000,,
BATTERY,7,91.921771,50010757.000000,,
BATTERY,7,91.762079,51001952.000000,,
BATTERY,7,91.762079,51001952.000000,,
BATTERY,7,91.761867,51003265.000000,,
BATTERY,7,91.761867,51003265.000000,,
BATTERY,7,91.761609,51004865.000000,,
BATTERY,7,91.761609,51004865.000000,,
BATTERY,7,91.761392,51006211.000000,,
BATTERY,7,91.761392,51006211.000000,,
BATTERY,7,91.761274,51006947.000000,,
BATTERY,7,91.760721,51008132.000000,,
BATTERY,7,91.760303,51010724.000000,,
BATTERY,7,91.760303,51010724.000000,,
BATTERY,7,91.600708,52001312.000000,,
BATTERY,7,91.600708,52001312.000000,,
BATTERY,7,91.600497,52002625.000000,,
BATTERY,7,91.600497,52002625.000000,,
BATTERY,7,91.600234,52004258.000000,,
BATTERY,7,91.600234,52004258.000000,,
BATTERY,7,91.600161,52004707.000000,,
BATTERY,7,91.599608,52005892.000000,,
BATTERY,7,91.599397,52007204.000000,,
BATTERY,7,91.599397,52007204.000000,,
BATTERY,7,91.599036,52009444.000000,,
BATTERY,7,91.599036,52009444.000000,,
BATTERY,7,91.439235,53001312.000000,,
BATTERY,7,91.439235,53001312.000000,,
BATTERY,7,91.439163,53001761.000000,,
BATTERY,7,91.438610,53002946.000000,,
BATTERY,7,91.438347,53004578.000000,,
BATTERY,7,91.438347,53004578.000000,,
BATTERY,7,91.438135,53005891.000000,,
BATTERY,7,91.438135,53005891.000000,,
BATTERY,7,91.437769,53008164.000000,,
BATTERY,7,91.437769,53008164.000000,,
BATTERY,7,91.437403,53010437.000000,,
BATTERY,7,91.437403,53010437.000000,,
BATTERY,7,91.277710,54001632.000000,,
BATTERY,7,91.277710,54001632.000000,,
BATTERY,7,91.277499,54002945.000000,,
BATTERY,7,91.277499,54002945.000000,,
BATTERY,7,91.277478,54003074.000000,,
BATTERY,7,91.276925,54004259.000000,,
BATTERY,7,91.276714,54005571.000000,,
BATTERY,7,91.276714,54005571.000000,,
BATTERY,7,91.276502,54006884.000000,,
BATTERY,7,91.276502,54006884.000000,,
BATTERY,7,91.116289,55001312.000000,,
BATTERY,7,91.116289,55001312.000000,,
BATTERY,7,91.116077,55002625.000000,,
BATTERY,7,91.116077,55002625.000000,,
BATTERY,7,91.116010,55003041.000000,,
BATTERY,7,91.115457,55004226.000000,,
BATTERY,7,91.115241,55005571.000000,,
BATTERY,7,91.115241,55005571.000000,,
BATTERY,7,91.114983,55007171.000000,,
BATTERY,7,91.114983,55007171.000000,,
BATTERY,7,90.954816,56001312.000000,,
BATTERY,7,90.954816,56001312.000000,,
BATTERY,7,90.954795,56001441.000000,,
BATTERY,7,90.954242,56002626.000000,,
BATTERY,7,90.954030,56003938.000000,,
BATTERY,7,90.954030,56003938.000000,,
BATTERY,7,90.953767,56005571.000000,,
BATTERY,7,90.953767,56005571.000000,,
BATTERY,7,90.953510,56007171.000000,,
BATTERY,7,90.953510,56007171.000000,,
BATTERY,7,90.952937,56010724.000000,,
BATTERY,7,90.952937,56010724.000000,,
BATTERY,7,90.793291,57001632.000000,,
BATTERY,7,90.793291,57001632.000000,,
BATTERY,7,90.793270,57001761.000000,,
BATTERY,7,90.792717,57002946.000000,,
BATTERY,7,90.792408,57004865.000000,,
BATTERY,7,90.792408,57004865.000000,,
BATTERY,7,90.792196,57006178.000000,,
BATTERY,7,90.792196,57006178.000000,,
BATTERY,7,90.791933,57007811.000000,,
BATTERY,7,90.791933,57007811.000000,,
BATTERY,7,90.791619,57009764.000000,,
BATTERY,7,90.791619,57009764.000000,,
BATTERY,7,90.631818,58001632.000000,,
BATTERY,7,90.631818,58001632.000000,,
BATTERY,7,90.631606,58002945.000000,,
BATTERY,7,90.631606,58002945.000000,,
BATTERY,7,90.631585,58003074.000000,,
BATTERY,7,90.631032,58004259.000000,,
BATTERY,7,90.630775,58005858.000000,,
BATTERY,7,90.630775,58005858.000000,,
BATTERY,7,90.630512,58007491.000000,,
BATTERY,7,90.630512,58007491.000000,,
BATTERY,7,90.630197,58009444.000000,,
BATTERY,7,90.630197,58009444.000000,,
BATTERY,7,90.629676,58012677.000000,,
BATTERY,7,90.629676,58012677.000000,,
BATTERY,7,90.470587,59000128.000000,,
BATTERY,7,90.470034,59001313.000000,,
BATTERY,7,90.469822,59002625.000000,,
BATTERY,7,90.469822,59002625.000000,,
BATTERY,7,90.469611,59003938.000000,,
BATTERY,7,90.469611,59003938.000000,,
BATTERY,7,90.469348,59005571.000000,,
BATTERY,7,90.469348,59005571.000000,,
BATTERY,7,90.469085,59007204.000000,,
BATTERY,7,90.469085,59007204.000000,,
BATTERY,7,90.468775,59009124.000000,,
BATTERY,7,90.468775,59009124.000000,,
BATTERY,7,90.468255,59012357.000000,,
BATTERY,7,90.468255,59012357.000000,,
BATTERY,7,90.309114,60000128.000000,,
BATTERY,7,90.308561,60001313.000000,,
BATTERY,7,90.308349,60002625.000000,,
BATTERY,7,90.308349,60002625.000000,,
BATTERY,7,90.308138,60003938.000000,,
BATTERY,7,90.308138,60003938.000000,,
BATTERY,7,90.307880,60005538.000000,,
BATTERY,7,90.307880,60005538.000000,,
BATTERY,7,90.307565,60007491.000000,,
BATTERY,7,90.307565,60007491.000000,,
BATTERY,7,90.307148,60010084.000000,,
BATTERY,7,90.307148,60010084.000000,,
BATTERY,7,90.147640,61000128.000000,,
BATTERY,7,90.147087,61001313.000000,,
BATTERY,7,90.146830,61002912.000000,,
BATTERY,7,90.146830,61002912.000000,,
BATTERY,7,90.146567,61004545.000000,,
BATTERY,7,90.146567,61004545.000000,,
BATTERY,7,90.146355,61005858.000000,,
BATTERY,7,90.146355,61005858.000000,,
BATTERY,7,90.146097,61007458.000000,,
BATTERY,7,90.146097,61007458.000000,,
BATTERY,7,90.145834,61009091.000000,,
BATTERY,7,90.145834,61009091.000000,,
BATTERY,7,89.986167,62000128.000000,,
BATTERY,7,89.985614,62001313.000000,,
BATTERY,7,89.985300,62003265.000000,,
BATTERY,7,89.985300,62003265.000000,,
BATTERY,7,89.985088,62004578.000000,,
BATTERY,7,89.985088,62004578.000000,,
BATTERY,7,89.984877,62005891.000000,,
BATTERY,7,89.984877,62005891.000000,,
BATTERY,7,89.984567,62007811.000000,,
BATTERY,7,89.984567,62007811.000000,,
BATTERY,7,89.984356,62009124.000000,,
BATTERY,7,89.984356,62009124.000000,,
BATTERY,7,89.983995,62011364.000000,,
BATTERY,7,89.983995,62011364.000000,,
BATTERY,7,89.983526,62014277.000000,,
BATTERY,7,89.983526,62014277.000000,,
BATTERY,7,89.824503,63001312.000000,,
BATTERY,7,89.824503,63001312.000000,,
BATTERY,7,89.824246,63002912.000000,,
BATTERY,7,89.824246,63002912.000000,,
BATTERY,7,89.824029,63004258.000000,,
BATTERY,7,89.824029,63004258.000000,,
BATTERY,7,89.823910,63004994.000000,,
BATTERY,7,89.823357,63006179.000000,,
BATTERY,7,89.823094,63007811.000000,,
BATTERY,7,89.823094,63007811.000000,,
BATTERY,7,89.822831,63009444.000000,,
BATTERY,7,89.822831,63009444.000000,,
BATTERY,7,89.663030,64001312.000000,,
BATTERY,7,89.663030,64001312.000000,,
BATTERY,7,89.662721,64003232.000000,,
BATTERY,7,89.662721,64003232.000000,,
BATTERY,7,89.662504,64004578.000000,,
BATTERY,7,89.662504,64004578.000000,,
BATTERY,7,89.662225,64006307.000000,,
BATTERY,7,89.661672,64007492.000000,,
BATTERY,7,89.661409,64009124.000000,,
BATTERY,7,89.661409,64009124.000000,,
BATTERY,7,89.661100,64011044.000000,,
BATTERY,7,89.661100,64011044.000000,,
BATTERY,7,89.501557,65001312.000000,,
BATTERY,7,89.501557,65001312.000000,,
BATTERY,7,89.501345,65002625.000000,,
BATTERY,7,89.501345,65002625.000000,,
BATTERY,7,89.500984,65004865.000000,,
BATTERY,7,89.500984,65004865.000000,,
BATTERY,7,89.500515,65007778.000000,,
BATTERY,7,89.500515,65007778.000000,,
BATTERY,7,89.500185,65009827.000000,,
BATTERY,7,89.499632,65011012.000000,,
BATTERY,7,89.339877,66002592.000000,,
BATTERY,7,89.339877,66002592.000000,,
BATTERY,7,89.339666,66003905.000000,,
BATTERY,7,89.339666,66003905.000000,,
BATTERY,7,89.339454,66005218.000000,,
BATTERY,7,89.339454,66005218.000000,,
BATTERY,7,89.339387,66005634.000000,,
BATTERY,7,89.338834,66006819.000000,,
BATTERY,7,89.338515,66008804.000000,,
BATTERY,7,89.338515,66008804.000000,,
BATTERY,7,89.338097,66011397.000000,,
BATTERY,7,89.338097,66011397.000000,,
BATTERY,7,89.178559,67001632.000000,,
BATTERY,7,89.178559,67001632.000000,,
BATTERY,7,89.178347,67002945.000000,,
BATTERY,7,89.178347,67002945.000000,,
BATTERY,7,89.178033,67004898.000000,,
BATTERY,7,89.178033,67004898.000000,,
BATTERY,7,89.177775,67006498.000000,,
BATTERY,7,89.177775,67006498.000000,,
BATTERY,7,89.177512,67008131.000000,,
BATTERY,7,89.177512,67008131.000000,,
BATTERY,7,89.177182,67010180.000000,,
BATTERY,7,89.176629,67011365.000000,,
BATTERY,7,89.017137,68001312.000000,,
BATTERY,7,89.017137,68001312.000000,,
BATTERY,7,89.017117,68001441.000000,,
BATTERY,7,89.016564,68002626.000000,,
BATTERY,7,89.016352,68003938.000000,,
BATTERY,7,89.016352,68003938.000000,,
BATTERY,7,89.016094,68005538.000000,,
BATTERY,7,89.016094,68005538.000000,,
BATTERY,7,89.015883,68006851.000000,,
BATTERY,7,89.015883,68006851.000000,,
BATTERY,7,89.015310,68010404.000000,,
BATTERY,7,89.015310,68010404.000000,,
BATTERY,7,88.855664,69001312.000000,,
BATTERY,7,88.855664,69001312.000000,,
BATTERY,7,88.855355,69003232.000000,,
BATTERY,7,88.855355,69003232.000000,,
BATTERY,7,88.855092,69004865.000000,,
BATTERY,7,88.855092,69004865.000000,,
BATTERY,7,88.854777,69006818.000000,,
BATTERY,7,88.854777,69006818.000000,,
BATTERY,7,88.854710,69007234.000000,,
BATTERY,7,88.854157,69008419.000000,,
BATTERY,7,88.853894,69010051.000000,,
BATTERY,7,88.853894,69010051.000000,,
BATTERY,7,88.694139,70001632.000000,,
BATTERY,7,88.694139,70001632.000000,,
BATTERY,7,88.693928,70002945.000000,,
BATTERY,7,88.693928,70002945.000000,,
BATTERY,7,88.693716,70004258.000000,,
BATTERY,7,88.693716,70004258.000000,,
BATTERY,7,88.693541,70005347.000000,,
BATTERY,7,88.692988,70006532.000000,,
BATTERY,7,88.692622,70008804.000000,,
BATTERY,7,88.692622,70008804.000000,,
BATTERY,7,88.692359,70010437.000000,,
BATTERY,7,88.692359,70010437.000000,,
BATTERY,7,88.692101,70012037.000000,,
BATTERY,7,88.692101,70012037.000000,,
BATTERY,7,88.532718,71001312.000000,,
BATTERY,7,88.532718,71001312.000000,,
BATTERY,7,88.532403,71003265.000000,,
BATTERY,7,88.532403,71003265.000000,,
BATTERY,7,88.532192,71004578.000000,,
BATTERY,7,88.532192,71004578.000000,,
BATTERY,7,88.531980,71005891.000000,,
BATTERY,7,88.531980,71005891.000000,,
BATTERY,7,88.531908,71006340.000000,,
BATTERY,7,88.531355,71007525.000000,,
BATTERY,7,88.531143,71008837.000000,,
BATTERY,7,88.531143,71008837.000000,,
BATTERY,7,88.530571,71012390.000000,,
BATTERY,7,88.530571,71012390.000000,,
BATTERY,7,88.371245,72001312.000000,,
BATTERY,7,88.371245,72001312.000000,,
BATTERY,7,88.371224,72001441.000000,,
BATTERY,7,88.370671,72002626.000000,,
BATTERY,7,88.370459,72003938.000000,,
BATTERY,7,88.370459,72003938.000000,,
BATTERY,7,88.370150,72005858.000000,,
BATTERY,7,88.370150,72005858.000000,,
BATTERY,7,88.369624,72009124.000000,,
BATTERY,7,88.369624,72009124.000000,,
BATTERY,7,88.209720,73001632.000000,,
BATTERY,7,88.209720,73001632.000000,,
BATTERY,7,88.209508,73002945.000000,,
BATTERY,7,88.209508,73002945.000000,,
BATTERY,7,88.209384,73003714.000000,,
BATTERY,7,88.208831,73004899.000000,,
BATTERY,7,88.208620,73006211.000000,,
BATTERY,7,88.208620,73006211.000000,,
BATTERY,7,88.048247,74001632.000000,,
BATTERY,7,88.048247,74001632.000000,,
BATTERY,7,88.048174,74002081.000000,,
BATTERY,7,88.047621,74003266.000000,,
BATTERY,7,88.047364,74004865.000000,,
BATTERY,7,88.047364,74004865.000000,,
BATTERY,7,88.047101,74006498.000000,,
BATTERY,7,88.047101,74006498.000000,,
BATTERY,7,87.886773,75001632.000000,,
BATTERY,7,87.886773,75001632.000000,,
BATTERY,7,87.886753,75001761.000000,,
BATTERY,7,87.886200,75002946.000000,,
BATTERY,7,87.885988,75004258.000000,,
BATTERY,7,87.885988,75004258.000000,,
BATTERY,7,87.885725,75005891.000000,,
BATTERY,7,87.885725,75005891.000000,,
BATTERY,7,87.885256,75008804.000000,,
BATTERY,7,87.885256,75008804.000000,,
BATTERY,7,87.884941,75010757.000000,,
BATTERY,7,87.884941,75010757.000000,,
BATTERY,7,87.725352,76001312.000000,,
BATTERY,7,87.725352,76001312.000000,,
BATTERY,7,87.725140,76002625.000000,,
BATTERY,7,87.725140,76002625.000000,,
BATTERY,7,87.724929,76003938.000000,,
BATTERY,7,87.724929,76003938.000000,,
BATTERY,7,87.724666,76005571.000000,,
BATTERY,7,87.724666,76005571.000000,,
BATTERY,7,87.724645,76005700.000000,,
BATTERY,7,87.724092,76006885.000000,,
BATTERY,7,87.723829,76008517.000000,,
BATTERY,7,87.723829,76008517.000000,,
BATTERY,7,87.563827,77001632.000000,,
BATTERY,7,87.563827,77001632.000000,,
BATTERY,7,87.563615,77002945.000000,,
BATTERY,7,87.563615,77002945.000000,,
BATTERY,7,87.563543,77003394.000000,,
BATTERY,7,87.562990,77004579.000000,,
BATTERY,7,87.562733,77006178.000000,,
BATTERY,7,87.562733,77006178.000000,,
BATTERY,7,87.562263,77009091.000000,,
BATTERY,7,87.562263,77009091.000000,,
BATTERY,7,87.402596,78000128.000000,,
BATTERY,7,87.402043,78001313.000000,,
BATTERY,7,87.401832,78002625.000000,,
BATTERY,7,87.401832,78002625.000000,,
BATTERY,7,87.401471,78004865.000000,,
BATTERY,7,87.401471,78004865.000000,,
BATTERY,7,87.401099,78007171.000000,,
BATTERY,7,87.401099,78007171.000000,,
BATTERY,7,87.400785,78009124.000000,,
BATTERY,7,87.400785,78009124.000000,,
BATTERY,7,87.400573,78010437.000000,,
BATTERY,7,87.400573,78010437.000000,,
BATTERY,7,87.240932,79001312.000000,,
BATTERY,7,87.240932,79001312.000000,,
BATTERY,7,87.240721,79002625.000000,,
BATTERY,7,87.240721,79002625.000000,,
BATTERY,7,87.240509,79003938.000000,,
BATTERY,7,87.240509,79003938.000000,,
BATTERY,7,87.240246,79005571.000000,,
BATTERY,7,87.240246,79005571.000000,,
BATTERY,7,87.239931,79007524.000000,,
BATTERY,7,87.239931,79007524.000000,,
BATTERY,7,87.239807,79008293.000000,,
BATTERY,7,87.239254,79009478.000000,,
BATTERY,7,87.079407,80001632.000000,,
BATTERY,7,87.079407,80001632.000000,,
BATTERY,7,87.079196,80002945.000000,,
BATTERY,7,87.079196,80002945.000000,,
BATTERY,7,87.078881,80004898.000000,,
BATTERY,7,87.078881,80004898.000000,,
BATTERY,7,87.078757,80005667.000000,,
BATTERY,7,87.078204,80006852.000000,,
BATTERY,7,87.077890,80008804.000000,,
BATTERY,7,87.077890,80008804.000000,,
BATTERY,7,87.077575,80010757.000000,,
BATTERY,7,87.077575,80010757.000000,,
BATTERY,7,87.077054,80013990.000000,,
BATTERY,7,87.077054,80013990.000000,,
BATTERY,7,86.917986,81001312.000000,,
BATTERY,7,86.917986,81001312.000000,,
BATTERY,7,86.917774,81002625.000000,,
BATTERY,7,86.917774,81002625.000000,,
BATTERY,7,86.917753,81002754.000000,,
BATTERY,7,86.917200,81003939.000000,,
BATTERY,7,86.916989,81005251.000000,,
BATTERY,7,86.916989,81005251.000000,,
BATTERY,7,86.916680,81007171.000000,,
BATTERY,7,86.916680,81007171.000000,,
BATTERY,7,86.916463,81008517.000000,,
BATTERY,7,86.916463,81008517.000000,,
BATTERY,7,86.756652,82000448.000000,,
BATTERY,7,86.756099,82001633.000000,,
BATTERY,7,86.755841,82003232.000000,,
BATTERY,7,86.755841,82003232.000000,,
BATTERY,7,86.755521,82005218.000000,,
BATTERY,7,86.755521,82005218.000000,,
BATTERY,7,86.755155,82007491.000000,,
BATTERY,7,86.755155,82007491.000000,,
BATTERY,7,86.754583,82011044.000000,,
BATTERY,7,86.754583,82011044.000000,,
BATTERY,7,86.595039,83001312.000000,,
BATTERY,7,86.595039,83001312.000000,,
BATTERY,7,86.594782,83002912.000000,,
BATTERY,7,86.594782,83002912.000000,,
BATTERY,7,86.594565,83004258.000000,,
BATTERY,7,86.594565,83004258.000000,,
BATTERY,7,86.594302,83005891.000000,,
BATTERY,7,86.594302,83005891.000000,,
BATTERY,7,86.594039,83007524.000000,,
BATTERY,7,86.594039,83007524.000000,,
BATTERY,7,86.593863,83008613.000000,,
BATTERY,7,86.593310,83009798.000000,,
BATTERY,7,86.433566,84001312.000000,,
BATTERY,7,86.433566,84001312.000000,,
BATTERY,7,86.433308,84002912.000000,,
BATTERY,7,86.433308,84002912.000000,,
BATTERY,7,86.433231,84003394.000000,,
BATTERY,7,86.432678,84004579.000000,,
BATTERY,7,86.432157,84007811.000000,,
BATTERY,7,86.432157,84007811.000000,,
BATTERY,7,86.271990,85001952.000000,,
BATTERY,7,86.271990,85001952.000000,,
BATTERY,7,86.271778,85003265.000000,,
BATTERY,7,86.271778,85003265.000000,,
BATTERY,7,86.271515,85004898.000000,,
BATTERY,7,86.271515,85004898.000000,,
BATTERY,7,86.271304,85006211.000000,,
BATTERY,7,86.271304,85006211.000000,,
BATTERY,7,86.271092,85007524.000000,,
BATTERY,7,86.271092,85007524.000000,,
BATTERY,7,86.270762,85009573.000000,,
BATTERY,7,86.270209,85010758.000000,,
BATTERY,7,86.110620,86001312.000000,,
BATTERY,7,86.110620,86001312.000000,,
BATTERY,7,86.110599,86001441.000000,,
BATTERY,7,86.110046,86002626.000000,,
BATTERY,7,86.109783,86004258.000000,,
BATTERY,7,86.109783,86004258.000000,,
BATTERY,7,86.109417,86006531.000000,,
BATTERY,7,86.109417,86006531.000000,,
BATTERY,7,86.108999,86009124.000000,,
BATTERY,7,86.108999,86009124.000000,,
BATTERY,7,85.949044,87001952.000000,,
BATTERY,7,85.949044,87001952.000000,,
BATTERY,7,85.949023,87002081.000000,,
BATTERY,7,85.948470,87003266.000000,,
BATTERY,7,85.948155,87005218.000000,,
BATTERY,7,85.948155,87005218.000000,,
BATTERY,7,85.947841,87007171.000000,,
BATTERY,7,85.947841,87007171.000000,,
BATTERY,7,85.787622,88001632.000000,,
BATTERY,7,85.787622,88001632.000000,,
BATTERY,7,85.787364,88003232.000000,,
BATTERY,7,85.787364,88003232.000000,,
BATTERY,7,85.787101,88004865.000000,,
BATTERY,7,85.787101,88004865.000000,,
BATTERY,7,85.786838,88006498.000000,,
BATTERY,7,85.786838,88006498.000000,,
BATTERY,7,85.786714,88007267.000000,,
BATTERY,7,85.786161,88008452.000000,,
BATTERY,7,85.785898,88010084.000000,,
BATTERY,7,85.785898,88010084.000000,,
BATTERY,7,85.626200,89001312.000000,,
BATTERY,7,85.626200,89001312.000000,,
BATTERY,7,85.625989,89002625.000000,,
BATTERY,7,85.625989,89002625.000000,,
BATTERY,7,85.625777,89003938.000000,,
BATTERY,7,85.625777,89003938.000000,,
BATTERY,7,85.625756,89004067.000000,,
BATTERY,7,85.625203,89005252.000000,,
BATTERY,7,85.624992,89006564.000000,,
BATTERY,7,85.624992,89006564.000000,,
BATTERY,7,85.624734,89008164.000000,,
BATTERY,7,85.624734,89008164.000000,,
BATTERY,7,85.624162,89011717.000000,,
BATTERY,7,85.624162,89011717.000000,,
BATTERY,7,85.464727,90001312.000000,,
BATTERY,7,85.464727,90001312.000000,,
BATTERY,7,85.464655,90001761.000000,,
BATTERY,7,85.464102,90002946.000000,,
BATTERY,7,85.463736,90005218.000000,,
BATTERY,7,85.463736,90005218.000000,,
BATTERY,7,85.463524,90006531.000000,,
BATTERY,7,85.463524,90006531.000000,,
BATTERY,7,85.303254,91001312.000000,,
BATTERY,7,85.303254,91001312.000000,,
BATTERY,7,85.303233,91001441.000000,,
BATTERY,7,85.302680,91002626.000000,,
BATTERY,7,85.302469,91003938.000000,,
BATTERY,7,85.302469,91003938.000000,,
BATTERY,7,85.302211,91005538.000000,,
BATTERY,7,85.302211,91005538.000000,,
BATTERY,7,85.301999,91006851.000000,,
BATTERY,7,85.301999,91006851.000000,,
BATTERY,7,85.301742,91008451.000000,,
BATTERY,7,85.301742,91008451.000000,,
BATTERY,7,85.141781,92001312.000000,,
BATTERY,7,85.141781,92001312.000000,,
BATTERY,7,85.141569,92002625.000000,,
BATTERY,7,85.141569,92002625.000000,,
BATTERY,7,85.141358,92003938.000000,,
BATTERY,7,85.141358,92003938.000000,,
BATTERY,7,85.141094,92005571.000000,,
BATTERY,7,85.141094,92005571.000000,,
BATTERY,7,85.140971,92006340.000000,,
BATTERY,7,85.140418,92007525.000000,,
BATTERY,7,85.140206,92008837.000000,,
BATTERY,7,85.140206,92008837.000000,,
BATTERY,7,85.139840,92011110.000000,,
BATTERY,7,85.139840,92011110.000000,,
BATTERY,7,84.980307,93001312.000000,,
BATTERY,7,84.980307,93001312.000000,,
BATTERY,7,84.980096,93002625.000000,,
BATTERY,7,84.980096,93002625.000000,,
BATTERY,7,84.979781,93004578.000000,,
BATTERY,7,84.979781,93004578.000000,,
BATTERY,7,84.979570,93005891.000000,,
BATTERY,7,84.979570,93005891.000000,,
BATTERY,7,84.979503,93006307.000000,,
BATTERY,7,84.978950,93007492.000000,,
BATTERY,7,84.978377,93011044.000000,,
BATTERY,7,84.978377,93011044.000000,,
BATTERY,7,84.818834,94001312.000000,,
BATTERY,7,84.818834,94001312.000000,,
BATTERY,7,84.818571,94002945.000000,,
BATTERY,7,84.818571,94002945.000000,,
BATTERY,7,84.818360,94004258.000000,,
BATTERY,7,84.818360,94004258.000000,,
BATTERY,7,84.818148,94005571.000000,,
BATTERY,7,84.818148,94005571.000000,,
BATTERY,7,84.817890,94007171.000000,,
BATTERY,7,84.817890,94007171.000000,,
BATTERY,7,84.817627,94008804.000000,,
BATTERY,7,84.817627,94008804.000000,,
BATTERY,7,84.817400,94010213.000000,,
BATTERY,7,84.816847,94011398.000000,,
BATTERY,7,84.657449,95000768.000000,,
BATTERY,7,84.656896,95001953.000000,,
BATTERY,7,84.656684,95003265.000000,,
BATTERY,7,84.656684,95003265.000000,,
BATTERY,7,84.656427,95004865.000000,,
BATTERY,7,84.656427,95004865.000000,,
BATTERY,7,84.656210,95006211.000000,,
BATTERY,7,84.656210,95006211.000000,,
BATTERY,7,84.655900,95008131.000000,,
BATTERY,7,84.655900,95008131.000000,,
BATTERY,7,84.655637,95009764.000000,,
BATTERY,7,84.655637,95009764.000000,,
BATTERY,7,84.496079,96000128.000000,,
BATTERY,7,84.495526,96001313.000000,,
BATTERY,7,84.495268,96002912.000000,,
BATTERY,7,84.495268,96002912.000000,,
BATTERY,7,84.495051,96004258.000000,,
BATTERY,7,84.495051,96004258.000000,,
BATTERY,7,84.494788,96005891.000000,,
BATTERY,7,84.494788,96005891.000000,,
BATTERY,7,84.494473,96007844.000000,,
BATTERY,7,84.494473,96007844.000000,,
BATTERY,7,84.334260,97002272.000000,,
BATTERY,7,84.334260,97002272.000000,,
BATTERY,7,84.334239,97002401.000000,,
BATTERY,7,84.333686,97003586.000000,,
BATTERY,7,84.333429,97005185.000000,,
BATTERY,7,84.333429,97005185.000000,,
BATTERY,7,84.333166,97006818.000000,,
BATTERY,7,84.333166,97006818.000000,,
BATTERY,7,84.332856,97008738.000000,,
BATTERY,7,84.332856,97008738.000000,,
BATTERY,7,84.173132,98000128.000000,,
BATTERY,7,84.172579,98001313.000000,,
BATTERY,7,84.172322,98002912.000000,,
BATTERY,7,84.172322,98002912.000000,,
BATTERY,7,84.172007,98004865.000000,,
BATTERY,7,84.172007,98004865.000000,,
BATTERY,7,84.171744,98006498.000000,,
BATTERY,7,84.171744,98006498.000000,,
BATTERY,7,84.171486,98008098.000000,,
BATTERY,7,84.171486,98008098.000000,,
BATTERY,7,84.170965,98011331.000000,,
BATTERY,7,84.170965,98011331.000000,,
BATTERY,7,84.011417,99001632.000000,,
BATTERY,7,84.011417,99001632.000000,,
BATTERY,7,84.011396,99001761.000000,,
BATTERY,7,84.010843,99002946.000000,,
BATTERY,7,84.010585,99004545.000000,,
BATTERY,7,84.010585,99004545.000000,,
BATTERY,7,84.010265,99006531.000000,,
BATTERY,7,84.010265,99006531.000000,,
BATTERY,7,84.009899,99008804.000000,,
BATTERY,7,84.009899,99008804.000000,,
BATTERY,7,84.006651,99028967.702420,,
