BATTERY,6,99.995316,29071.142420,,
BATTERY,6,99.995316,29071.142420,,
BATTERY,6,99.995141,30159.142420,,
BATTERY,6,99.993513,33648.142420,,
BATTERY,6,99.992930,37264.142420,,
BATTERY,6,99.992930,37264.142420,,
BATTERY,6,99.992348,40881.142420,,
BATTERY,6,99.992348,40881.142420,,
BATTERY,6,99.991713,44818.142420,,
BATTERY,6,99.991713,44818.142420,,
BATTERY,6,99.991130,48435.142420,,
BATTERY,6,99.991130,48435.142420,,
BATTERY,6,99.990548,52052.142420,,
BATTERY,6,99.990548,52052.142420,,
BATTERY,6,99.942540,350031.142420,,
BATTERY,6,99.942540,350031.142420,,
BATTERY,6,99.941906,353967.142420,,
BATTERY,6,99.941906,353967.142420,,
BATTERY,6,99.941834,354416.142420,,
BATTERY,6,99.940205,357905.142420,,
BATTERY,6,99.939468,362481.142420,,
BATTERY,6,99.939468,362481.142420,,
BATTERY,6,99.938834,366418.142420,,
BATTERY,6,99.938834,366418.142420,,
BATTERY,6,99.851097,910991.142420,,
BATTERY,6,99.851097,910991.142420,,
BATTERY,6,99.850463,914927.142420,,
BATTERY,6,99.850463,914927.142420,,
BATTERY,6,99.849880,918544.142420,,
BATTERY,6,99.849880,918544.142420,,
BATTERY,6,99.849859,918673.142420,,
BATTERY,6,99.848231,922162.142420,,
BATTERY,6,99.847597,926098.142420,,
BATTERY,6,99.847597,926098.142420,,
BATTERY,6,99.846911,930355.142420,,
BATTERY,6,99.846911,930355.142420,,
BATTERY,6,99.846277,934292.142420,,
BATTERY,6,99.846277,934292.142420,,
BATTERY,6,99.835221,1002912.000000,,
BATTERY,6,99.835221,1002912.000000,,
BATTERY,6,99.674317,2001632.000000,,
BATTERY,6,99.674317,2001632.000000,,
BATTERY,6,99.674059,2003232.000000,,
BATTERY,6,99.674059,2003232.000000,,
BATTERY,6,99.674038,2003361.000000,,
BATTERY,6,99.673485,2004546.000000,,
BATTERY,6,99.673124,2006785.000000,,
BATTERY,6,99.673124,2006785.000000,,
BATTERY,6,99.672804,2008771.000000,,
BATTERY,6,99.672804,2008771.000000,,
BATTERY,6,99.512895,3001312.000000,,
BATTERY,6,99.512895,3001312.000000,,
BATTERY,6,99.512823,3001761.000000,,
BATTERY,6,99.512270,3002946.000000,,
BATTERY,6,99.512007,3004578.000000,,
BATTERY,6,99.512007,3004578.000000,,
BATTERY,6,99.511697,3006498.000000,,
BATTERY,6,99.511697,3006498.000000,,
BATTERY,6,99.511125,3010051.000000,,
BATTERY,6,99.511125,3010051.000000,,
BATTERY,6,99.351370,4001632.000000,,
BATTERY,6,99.351370,4001632.000000,,
BATTERY,6,99.351112,4003232.000000,,
BATTERY,6,99.351112,4003232.000000,,
BATTERY,6,99.351092,4003361.000000,,
BATTERY,6,99.350539,4004546.000000,,
BATTERY,6,99.350281,4006145.000000,,
BATTERY,6,99.350281,4006145.000000,,
BATTERY,6,99.350064,4007491.000000,,
BATTERY,6,99.350064,4007491.000000,,
BATTERY,6,99.349853,4008804.000000,,
BATTERY,6,99.349853,4008804.000000,,
BATTERY,6,99.349332,4012037.000000,,
BATTERY,6,99.349332,4012037.000000,,
BATTERY,6,99.189897,5001632.000000,,
BATTERY,6,99.189897,5001632.000000,,
BATTERY,6,99.189639,5003232.000000,,
BATTERY,6,99.189639,5003232.000000,,
BATTERY,6,99.189428,5004545.000000,,
BATTERY,6,99.189428,5004545.000000,,
BATTERY,6,99.189170,5006145.000000,,
BATTERY,6,99.189170,5006145.000000,,
BATTERY,6,99.189098,5006594.000000,,
BATTERY,6,99.188545,5007779.000000,,
BATTERY,6,99.188179,5010051.000000,,
BATTERY,6,99.188179,5010051.000000,,
BATTERY,6,99.028475,6001312.000000,,
BATTERY,6,99.028475,6001312.000000,,
BATTERY,6,99.028264,6002625.000000,,
BATTERY,6,99.028264,6002625.000000,,
BATTERY,6,99.028006,6004225.000000,,
BATTERY,6,99.028006,6004225.000000,,
BATTERY,6,99.027743,6005858.000000,,
BATTERY,6,99.027743,6005858.000000,,
BATTERY,6,99.027531,6007171.000000,,
BATTERY,6,99.027531,6007171.000000,,
BATTERY,6,99.027304,6008580.000000,,
BATTERY,6,99.026751,6009765.000000,,
BATTERY,6,98.867002,7001312.000000,,
BATTERY,6,98.867002,7001312.000000,,
BATTERY,6,98.866791,7002625.000000,,
BATTERY,6,98.866791,7002625.000000,,
BATTERY,6,98.866533,7004225.000000,,
BATTERY,6,98.866533,7004225.000000,,
BATTERY,6,98.866218,7006178.000000,,
BATTERY,6,98.866218,7006178.000000,,
BATTERY,6,98.865800,7008771.000000,,
BATTERY,6,98.865800,7008771.000000,,
BATTERY,6,98.865780,7008900.000000,,
BATTERY,6,98.865227,7010085.000000,,
BATTERY,6,98.705477,8001632.000000,,
BATTERY,6,98.705477,8001632.000000,,
BATTERY,6,98.705457,8001761.000000,,
BATTERY,6,98.704904,8002946.000000,,
BATTERY,6,98.704486,8005538.000000,,
BATTERY,6,98.704486,8005538.000000,,
BATTERY,6,98.704171,8007491.000000,,
BATTERY,6,98.704171,8007491.000000,,
BATTERY,6,98.703908,8009124.000000,,
BATTERY,6,98.703908,8009124.000000,,
BATTERY,6,98.544056,9001312.000000,,
BATTERY,6,98.544056,9001312.000000,,
BATTERY,6,98.543798,9002912.000000,,
BATTERY,6,98.543798,9002912.000000,,
BATTERY,6,98.543581,9004258.000000,,
BATTERY,6,98.543581,9004258.000000,,
BATTERY,6,98.543272,9006178.000000,,
BATTERY,6,98.543272,9006178.000000,,
BATTERY,6,98.543096,9007267.000000,,
BATTERY,6,98.542543,9008452.000000,,
BATTERY,6,98.542023,9011684.000000,,
BATTERY,6,98.542023,9011684.000000,,
BATTERY,6,98.382376,10002592.000000,,
BATTERY,6,98.382376,10002592.000000,,
BATTERY,6,98.382165,10003905.000000,,
BATTERY,6,98.382165,10003905.000000,,
BATTERY,6,98.382098,10004321.000000,,
BATTERY,6,98.381545,10005506.000000,,
BATTERY,6,98.381230,10007458.000000,,
BATTERY,6,98.381230,10007458.000000,,
BATTERY,6,98.380864,10009731.000000,,
BATTERY,6,98.380864,10009731.000000,,
BATTERY,6,98.221109,11001312.000000,,
BATTERY,6,98.221109,11001312.000000,,
BATTERY,6,98.220846,11002945.000000,,
BATTERY,6,98.220846,11002945.000000,,
BATTERY,6,98.220589,11004545.000000,,
BATTERY,6,98.220589,11004545.000000,,
BATTERY,6,98.220377,11005858.000000,,
BATTERY,6,98.220377,11005858.000000,,
BATTERY,6,98.220114,11007491.000000,,
BATTERY,6,98.220114,11007491.000000,,
BATTERY,6,98.220093,11007620.000000,,
BATTERY,6,98.219540,11008805.000000,,
BATTERY,6,98.219329,11010117.000000,,
BATTERY,6,98.219329,11010117.000000,,
BATTERY,6,98.059827,12000128.000000,,
BATTERY,6,98.059274,12001313.000000,,
BATTERY,6,98.059011,12002945.000000,,
BATTERY,6,98.059011,12002945.000000,,
BATTERY,6,98.058799,12004258.000000,,
BATTERY,6,98.058799,12004258.000000,,
BATTERY,6,98.058542,12005858.000000,,
BATTERY,6,98.058542,12005858.000000,,
BATTERY,6,98.057969,12009411.000000,,
BATTERY,6,98.057969,12009411.000000,,
BATTERY,6,97.898163,13001312.000000,,
BATTERY,6,97.898163,13001312.000000,,
BATTERY,6,97.897900,13002945.000000,,
BATTERY,6,97.897900,13002945.000000,,
BATTERY,6,97.897642,13004545.000000,,
BATTERY,6,97.897642,13004545.000000,,
BATTERY,6,97.897374,13006211.000000,,
BATTERY,6,97.897374,13006211.000000,,
BATTERY,6,97.897064,13008131.000000,,
BATTERY,6,97.897064,13008131.000000,,
BATTERY,6,97.896734,13010180.000000,,
BATTERY,6,97.896181,13011365.000000,,
BATTERY,6,97.736881,14000128.000000,,
BATTERY,6,97.736328,14001313.000000,,
BATTERY,6,97.736116,14002625.000000,,
BATTERY,6,97.736116,14002625.000000,,
BATTERY,6,97.735853,14004258.000000,,
BATTERY,6,97.735853,14004258.000000,,
BATTERY,6,97.735544,14006178.000000,,
BATTERY,6,97.735544,14006178.000000,,
BATTERY,6,97.735332,14007491.000000,,
BATTERY,6,97.735332,14007491.000000,,
BATTERY,6,97.735074,14009091.000000,,
BATTERY,6,97.735074,14009091.000000,,
BATTERY,6,97.734502,14012644.000000,,
BATTERY,6,97.734502,14012644.000000,,
BATTERY,6,97.575304,15000768.000000,,
BATTERY,6,97.574751,15001953.000000,,
BATTERY,6,97.574540,15003265.000000,,
BATTERY,6,97.574540,15003265.000000,,
BATTERY,6,97.574277,15004898.000000,,
BATTERY,6,97.574277,15004898.000000,,
BATTERY,6,97.574065,15006211.000000,,
BATTERY,6,97.574065,15006211.000000,,
BATTERY,6,97.573854,15007524.000000,,
BATTERY,6,97.573854,15007524.000000,,
BATTERY,6,97.573488,15009797.000000,,
BATTERY,6,97.573488,15009797.000000,,
BATTERY,6,97.573070,15012390.000000,,
BATTERY,6,97.573070,15012390.000000,,
BATTERY,6,97.413743,16001312.000000,,
BATTERY,6,97.413743,16001312.000000,,
BATTERY,6,97.413676,16001728.000000,,
BATTERY,6,97.413123,16002913.000000,,
BATTERY,6,97.412907,16004258.000000,,
BATTERY,6,97.412907,16004258.000000,,
BATTERY,6,97.412597,16006178.000000,,
BATTERY,6,97.412597,16006178.000000,,
BATTERY,6,97.412283,16008131.000000,,
BATTERY,6,97.412283,16008131.000000,,
BATTERY,6,97.252270,17001312.000000,,
BATTERY,6,97.252270,17001312.000000,,
BATTERY,6,97.252059,17002625.000000,,
BATTERY,6,97.252059,17002625.000000,,
BATTERY,6,97.251992,17003041.000000,,
BATTERY,6,97.251439,17004226.000000,,
BATTERY,6,97.251176,17005858.000000,,
BATTERY,6,97.251176,17005858.000000,,
BATTERY,6,97.250866,17007778.000000,,
BATTERY,6,97.250866,17007778.000000,,
BATTERY,6,97.090745,18001632.000000,,
BATTERY,6,97.090745,18001632.000000,,
BATTERY,6,97.090678,18002048.000000,,
BATTERY,6,97.090125,18003233.000000,,
BATTERY,6,97.089811,18005185.000000,,
BATTERY,6,97.089811,18005185.000000,,
BATTERY,6,97.089290,18008418.000000,,
BATTERY,6,97.089290,18008418.000000,,
BATTERY,6,96.929272,19001632.000000,,
BATTERY,6,96.929272,19001632.000000,,
BATTERY,6,96.929015,19003232.000000,,
BATTERY,6,96.929015,19003232.000000,,
BATTERY,6,96.928751,19004865.000000,,
BATTERY,6,96.928751,19004865.000000,,
BATTERY,6,96.928494,19006465.000000,,
BATTERY,6,96.928494,19006465.000000,,
BATTERY,6,96.928277,19007811.000000,,
BATTERY,6,96.928277,19007811.000000,,
BATTERY,6,96.928153,19008580.000000,,
BATTERY,6,96.927600,19009765.000000,,
BATTERY,6,96.767851,20001312.000000,,
BATTERY,6,96.767851,20001312.000000,,
BATTERY,6,96.767593,20002912.000000,,
BATTERY,6,96.767593,20002912.000000,,
BATTERY,6,96.767376,20004258.000000,,
BATTERY,6,96.767376,20004258.000000,,
BATTERY,6,96.767309,20004674.000000,,
BATTERY,6,96.766756,20005859.000000,,
BATTERY,6,96.766442,20007811.000000,,
BATTERY,6,96.766442,20007811.000000,,
BATTERY,6,96.606326,21001632.000000,,
BATTERY,6,96.606326,21001632.000000,,
BATTERY,6,96.606114,21002945.000000,,
BATTERY,6,96.606114,21002945.000000,,
BATTERY,6,96.605857,21004545.000000,,
BATTERY,6,96.605857,21004545.000000,,
BATTERY,6,96.605382,21007491.000000,,
BATTERY,6,96.605382,21007491.000000,,
BATTERY,6,96.605052,21009540.000000,,
BATTERY,6,96.604499,21010725.000000,,
BATTERY,6,96.444853,22001632.000000,,
BATTERY,6,96.444853,22001632.000000,,
BATTERY,6,96.444780,22002081.000000,,
BATTERY,6,96.444227,22003266.000000,,
BATTERY,6,96.444016,22004578.000000,,
BATTERY,6,96.444016,22004578.000000,,
BATTERY,6,96.443804,22005891.000000,,
BATTERY,6,96.443804,22005891.000000,,
BATTERY,6,96.443547,22007491.000000,,
BATTERY,6,96.443547,22007491.000000,,
BATTERY,6,96.443284,22009124.000000,,
BATTERY,6,96.443284,22009124.000000,,
BATTERY,6,96.283431,23001312.000000,,
BATTERY,6,96.283431,23001312.000000,,
BATTERY,6,96.283410,23001441.000000,,
BATTERY,6,96.282857,23002626.000000,,
BATTERY,6,96.282594,23004258.000000,,
BATTERY,6,96.282594,23004258.000000,,
BATTERY,6,96.282285,23006178.000000,,
BATTERY,6,96.282285,23006178.000000,,
BATTERY,6,96.281913,23008484.000000,,
BATTERY,6,96.281913,23008484.000000,,
BATTERY,6,96.121958,24001312.000000,,
BATTERY,6,96.121958,24001312.000000,,
BATTERY,6,96.121746,24002625.000000,,
BATTERY,6,96.121746,24002625.000000,,
BATTERY,6,96.121483,24004258.000000,,
BATTERY,6,96.121483,24004258.000000,,
BATTERY,6,96.121462,24004387.000000,,
BATTERY,6,96.120909,24005572.000000,,
BATTERY,6,96.120652,24007171.000000,,
BATTERY,6,96.120652,24007171.000000,,
BATTERY,6,96.120383,24008837.000000,,
BATTERY,6,96.120383,24008837.000000,,
BATTERY,6,95.960675,25000128.000000,,
BATTERY,6,95.960122,25001313.000000,,
BATTERY,6,95.959865,25002912.000000,,
BATTERY,6,95.959865,25002912.000000,,
BATTERY,6,95.959648,25004258.000000,,
BATTERY,6,95.959648,25004258.000000,,
BATTERY,6,95.959333,25006211.000000,,
BATTERY,6,95.959333,25006211.000000,,
BATTERY,6,95.958812,25009444.000000,,
BATTERY,6,95.958812,25009444.000000,,
BATTERY,6,95.799011,26001312.000000,,
BATTERY,6,95.799011,26001312.000000,,
BATTERY,6,95.798800,26002625.000000,,
BATTERY,6,95.798800,26002625.000000,,
BATTERY,6,95.798728,26003074.000000,,
BATTERY,6,95.798175,26004259.000000,,
BATTERY,6,95.797654,26007491.000000,,
BATTERY,6,95.797654,26007491.000000,,
BATTERY,6,95.797185,26010404.000000,,
BATTERY,6,95.797185,26010404.000000,,
BATTERY,6,95.637538,27001312.000000,,
BATTERY,6,95.637538,27001312.000000,,
BATTERY,6,95.637229,27003232.000000,,
BATTERY,6,95.637229,27003232.000000,,
BATTERY,6,95.636966,27004865.000000,,
BATTERY,6,95.636966,27004865.000000,,
BATTERY,6,95.636894,27005314.000000,,
BATTERY,6,95.636341,27006499.000000,,
BATTERY,6,95.635871,27009411.000000,,
BATTERY,6,95.635871,27009411.000000,,
BATTERY,6,95.635557,27011364.000000,,
BATTERY,6,95.635557,27011364.000000,,
BATTERY,6,95.635036,27014597.000000,,
BATTERY,6,95.635036,27014597.000000,,
BATTERY,6,95.476204,28000448.000000,,
BATTERY,6,95.475651,28001633.000000,,
BATTERY,6,95.475394,28003232.000000,,
BATTERY,6,95.475394,28003232.000000,,
BATTERY,6,95.475177,28004578.000000,,
BATTERY,6,95.475177,28004578.000000,,
BATTERY,6,95.474816,28006818.000000,,
BATTERY,6,95.474816,28006818.000000,,
BATTERY,6,95.314540,29001632.000000,,
BATTERY,6,95.314540,29001632.000000,,
BATTERY,6,95.314283,29003232.000000,,
BATTERY,6,95.314283,29003232.000000,,
BATTERY,6,95.314159,29004001.000000,,
BATTERY,6,95.313606,29005186.000000,,
BATTERY,6,95.313348,29006785.000000,,
BATTERY,6,95.313348,29006785.000000,,
BATTERY,6,95.313085,29008418.000000,,
BATTERY,6,95.313085,29008418.000000,,
BATTERY,6,95.312827,29010018.000000,,
BATTERY,6,95.312827,29010018.000000,,
BATTERY,6,95.153119,30001312.000000,,
BATTERY,6,95.153119,30001312.000000,,
BATTERY,6,95.152907,30002625.000000,,
BATTERY,6,95.152907,30002625.000000,,
BATTERY,6,95.152696,30003938.000000,,
BATTERY,6,95.152696,30003938.000000,,
BATTERY,6,95.152675,30004067.000000,,
BATTERY,6,95.152122,30005252.000000,,
BATTERY,6,95.151859,30006884.000000,,
BATTERY,6,95.151859,30006884.000000,,
BATTERY,6,95.151601,30008484.000000,,
BATTERY,6,95.151601,30008484.000000,,
BATTERY,6,94.991646,31001312.000000,,
BATTERY,6,94.991646,31001312.000000,,
BATTERY,6,94.991388,31002912.000000,,
BATTERY,6,94.991388,31002912.000000,,
BATTERY,6,94.991171,31004258.000000,,
BATTERY,6,94.991171,31004258.000000,,
BATTERY,6,94.990805,31006531.000000,,
BATTERY,6,94.990805,31006531.000000,,
BATTERY,6,94.990784,31006660.000000,,
BATTERY,6,94.990231,31007845.000000,,
BATTERY,6,94.989916,31009797.000000,,
BATTERY,6,94.989916,31009797.000000,,
BATTERY,6,94.989396,31013030.000000,,
BATTERY,6,94.989396,31013030.000000,,
BATTERY,6,94.830172,32001312.000000,,
BATTERY,6,94.830172,32001312.000000,,
BATTERY,6,94.829961,32002625.000000,,
BATTERY,6,94.829961,32002625.000000,,
BATTERY,6,94.829842,32003361.000000,,
BATTERY,6,94.829289,32004546.000000,,
BATTERY,6,94.829026,32006178.000000,,
BATTERY,6,94.829026,32006178.000000,,
BATTERY,6,94.828763,32007811.000000,,
BATTERY,6,94.828763,32007811.000000,,
BATTERY,6,94.828294,32010724.000000,,
BATTERY,6,94.828294,32010724.000000,,
BATTERY,6,94.668596,33001952.000000,,
BATTERY,6,94.668596,33001952.000000,,
BATTERY,6,94.668529,33002368.000000,,
BATTERY,6,94.667976,33003553.000000,,
BATTERY,6,94.667713,33005185.000000,,
BATTERY,6,94.667713,33005185.000000,,
BATTERY,6,94.667455,33006785.000000,,
BATTERY,6,94.667455,33006785.000000,,
BATTERY,6,94.667032,33009411.000000,,
BATTERY,6,94.667032,33009411.000000,,
BATTERY,6,94.666460,33012964.000000,,
BATTERY,6,94.666460,33012964.000000,,
BATTERY,6,94.507071,34002272.000000,,
BATTERY,6,94.507071,34002272.000000,,
BATTERY,6,94.506808,34003905.000000,,
BATTERY,6,94.506808,34003905.000000,,
BATTERY,6,94.506787,34004034.000000,,
BATTERY,6,94.506234,34005219.000000,,
BATTERY,6,94.505925,34007138.000000,,
BATTERY,6,94.505925,34007138.000000,,
BATTERY,6,94.505662,34008771.000000,,
BATTERY,6,94.505662,34008771.000000,,
BATTERY,6,94.505296,34011044.000000,,
BATTERY,6,94.505296,34011044.000000,,
BATTERY,6,94.504827,34013957.000000,,
BATTERY,6,94.504827,34013957.000000,,
BATTERY,6,94.345753,35001312.000000,,
BATTERY,6,94.345753,35001312.000000,,
BATTERY,6,94.345490,35002945.000000,,
BATTERY,6,94.345490,35002945.000000,,
BATTERY,6,94.345278,35004258.000000,,
BATTERY,6,94.345278,35004258.000000,,
BATTERY,6,94.345206,35004707.000000,,
BATTERY,6,94.344653,35005892.000000,,
BATTERY,6,94.184280,36001312.000000,,
BATTERY,6,94.184280,36001312.000000,,
BATTERY,6,94.184022,36002912.000000,,
BATTERY,6,94.184022,36002912.000000,,
BATTERY,6,94.183759,36004545.000000,,
BATTERY,6,94.183759,36004545.000000,,
BATTERY,6,94.183547,36005858.000000,,
BATTERY,6,94.183547,36005858.000000,,
BATTERY,6,94.183423,36006627.000000,,
BATTERY,6,94.182870,36007812.000000,,
BATTERY,6,94.182401,36010724.000000,,
BATTERY,6,94.182401,36010724.000000,,
BATTERY,6,94.022806,37001312.000000,,
BATTERY,6,94.022806,37001312.000000,,
BATTERY,6,94.022786,37001441.000000,,
BATTERY,6,94.022233,37002626.000000,,
BATTERY,6,94.021975,37004225.000000,,
BATTERY,6,94.021975,37004225.000000,,
BATTERY,6,94.021712,37005858.000000,,
BATTERY,6,94.021712,37005858.000000,,
BATTERY,6,94.021397,37007811.000000,,
BATTERY,6,94.021397,37007811.000000,,
BATTERY,6,93.861333,38001312.000000,,
BATTERY,6,93.861333,38001312.000000,,
BATTERY,6,93.861122,38002625.000000,,
BATTERY,6,93.861122,38002625.000000,,
BATTERY,6,93.860864,38004225.000000,,
BATTERY,6,93.860864,38004225.000000,,
BATTERY,6,93.860791,38004674.000000,,
BATTERY,6,93.860238,38005859.000000,,
BATTERY,6,93.859718,38009091.000000,,
BATTERY,6,93.859718,38009091.000000,,
BATTERY,6,93.859352,38011364.000000,,
BATTERY,6,93.859352,38011364.000000,,
BATTERY,6,93.699860,39001312.000000,,
BATTERY,6,93.699860,39001312.000000,,
BATTERY,6,93.699648,39002625.000000,,
BATTERY,6,93.699648,39002625.000000,,
BATTERY,6,93.699437,39003938.000000,,
BATTERY,6,93.699437,39003938.000000,,
BATTERY,6,93.699416,39004067.000000,,
BATTERY,6,93.698863,39005252.000000,,
BATTERY,6,93.698605,39006851.000000,,
BATTERY,6,93.698605,39006851.000000,,
BATTERY,6,93.698394,39008164.000000,,
BATTERY,6,93.698394,39008164.000000,,
BATTERY,6,93.698131,39009797.000000,,
BATTERY,6,93.698131,39009797.000000,,
BATTERY,6,93.538335,40001632.000000,,
BATTERY,6,93.538335,40001632.000000,,
BATTERY,6,93.538124,40002945.000000,,
BATTERY,6,93.538124,40002945.000000,,
BATTERY,6,93.537866,40004545.000000,,
BATTERY,6,93.537866,40004545.000000,,
BATTERY,6,93.537654,40005858.000000,,
BATTERY,6,93.537654,40005858.000000,,
BATTERY,6,93.537443,40007171.000000,,
BATTERY,6,93.537443,40007171.000000,,
BATTERY,6,93.537180,40008804.000000,,
BATTERY,6,93.537180,40008804.000000,,
BATTERY,6,93.537107,40009253.000000,,
BATTERY,6,93.536554,40010438.000000,,
BATTERY,6,93.376914,41001312.000000,,
BATTERY,6,93.376914,41001312.000000,,
BATTERY,6,93.376893,41001441.000000,,
BATTERY,6,93.376340,41002626.000000,,
BATTERY,6,93.376128,41003938.000000,,
BATTERY,6,93.376128,41003938.000000,,
BATTERY,6,93.375768,41006178.000000,,
BATTERY,6,93.375768,41006178.000000,,
BATTERY,6,93.375504,41007811.000000,,
BATTERY,6,93.375504,41007811.000000,,
BATTERY,6,93.215389,42001632.000000,,
BATTERY,6,93.215389,42001632.000000,,
BATTERY,6,93.215177,42002945.000000,,
BATTERY,6,93.215177,42002945.000000,,
BATTERY,6,93.214966,42004258.000000,,
BATTERY,6,93.214966,42004258.000000,,
BATTERY,6,93.214893,42004707.000000,,
BATTERY,6,93.214340,42005892.000000,,
BATTERY,6,93.053967,43001312.000000,,
BATTERY,6,93.053967,43001312.000000,,
BATTERY,6,93.053756,43002625.000000,,
BATTERY,6,93.053756,43002625.000000,,
BATTERY,6,93.053544,43003938.000000,,
BATTERY,6,93.053544,43003938.000000,,
BATTERY,6,93.053281,43005571.000000,,
BATTERY,6,93.053281,43005571.000000,,
BATTERY,6,93.053018,43007204.000000,,
BATTERY,6,93.053018,43007204.000000,,
BATTERY,6,93.052760,43008804.000000,,
BATTERY,6,93.052760,43008804.000000,,
BATTERY,6,93.052430,43010853.000000,,
BATTERY,6,93.051877,43012038.000000,,
BATTERY,6,92.892442,44001632.000000,,
BATTERY,6,92.892442,44001632.000000,,
BATTERY,6,92.892231,44002945.000000,,
BATTERY,6,92.892231,44002945.000000,,
BATTERY,6,92.892019,44004258.000000,,
BATTERY,6,92.892019,44004258.000000,,
BATTERY,6,92.891756,44005891.000000,,
BATTERY,6,92.891756,44005891.000000,,
BATTERY,6,92.891689,44006307.000000,,
BATTERY,6,92.891136,44007492.000000,,
BATTERY,6,92.890920,44008837.000000,,
BATTERY,6,92.890920,44008837.000000,,
BATTERY,6,92.731212,45000128.000000,,
BATTERY,6,92.730659,45001313.000000,,
BATTERY,6,92.730401,45002912.000000,,
BATTERY,6,92.730401,45002912.000000,,
BATTERY,6,92.730189,45004225.000000,,
BATTERY,6,92.730189,45004225.000000,,
BATTERY,6,92.729978,45005538.000000,,
BATTERY,6,92.729978,45005538.000000,,
BATTERY,6,92.729720,45007138.000000,,
BATTERY,6,92.729720,45007138.000000,,
BATTERY,6,92.729509,45008451.000000,,
BATTERY,6,92.729509,45008451.000000,,
BATTERY,6,92.729251,45010051.000000,,
BATTERY,6,92.729251,45010051.000000,,
BATTERY,6,92.569548,46001312.000000,,
BATTERY,6,92.569548,46001312.000000,,
BATTERY,6,92.569285,46002945.000000,,
BATTERY,6,92.569285,46002945.000000,,
BATTERY,6,92.569027,46004545.000000,,
BATTERY,6,92.569027,46004545.000000,,
BATTERY,6,92.568954,46004994.000000,,
BATTERY,6,92.568401,46006179.000000,,
BATTERY,6,92.567984,46008771.000000,,
BATTERY,6,92.567984,46008771.000000,,
BATTERY,6,92.407971,47001952.000000,,
BATTERY,6,92.407971,47001952.000000,,
BATTERY,6,92.407899,47002401.000000,,
BATTERY,6,92.407346,47003586.000000,,
BATTERY,6,92.407135,47004898.000000,,
BATTERY,6,92.407135,47004898.000000,,
BATTERY,6,92.406923,47006211.000000,,
BATTERY,6,92.406923,47006211.000000,,
BATTERY,6,92.406711,47007524.000000,,
BATTERY,6,92.406711,47007524.000000,,
BATTERY,6,92.406191,47010757.000000,,
BATTERY,6,92.406191,47010757.000000,,
BATTERY,6,92.246601,48001312.000000,,
BATTERY,6,92.246601,48001312.000000,,
BATTERY,6,92.246534,48001728.000000,,
BATTERY,6,92.245981,48002913.000000,,
BATTERY,6,92.245770,48004225.000000,,
BATTERY,6,92.245770,48004225.000000,,
BATTERY,6,92.245460,48006145.000000,,
BATTERY,6,92.245460,48006145.000000,,
BATTERY,6,92.244940,48009378.000000,,
BATTERY,6,92.244940,48009378.000000,,
BATTERY,6,92.244728,48010691.000000,,
BATTERY,6,92.244728,48010691.000000,,
BATTERY,6,92.085076,49001632.000000,,
BATTERY,6,92.085076,49001632.000000,,
BATTERY,6,92.084762,49003585.000000,,
BATTERY,6,92.084762,49003585.000000,,
BATTERY,6,92.084499,49005218.000000,,
BATTERY,6,92.084499,49005218.000000,,
BATTERY,6,92.084287,49006531.000000,,
BATTERY,6,92.084287,49006531.000000,,
BATTERY,6,92.083921,49008804.000000,,
BATTERY,6,92.083921,49008804.000000,,
BATTERY,6,92.083797,49009573.000000,,
BATTERY,6,92.083244,49010758.000000,,
BATTERY,6,91.923846,50000128.000000,,
BATTERY,6,91.923293,50001313.000000,,
BATTERY,6,91.923081,50002625.000000,,
BATTERY,6,91.923081,50002625.000000,,
BATTERY,6,91.922772,50004545.000000,,
BATTERY,6,91.922772,50004545.000000,,
BATTERY,6,91.922560,50005858.000000,,
BATTERY,6,91.922560,50005858.000000,,
BATTERY,6,91.922303,50007458.000000,,
BATTERY,6,91.922303,50007458.000000,,
BATTERY,6,91.921983,50009444.000000,,
BATTERY,6,91.921983,50009444.000000,,
BATTERY,6,91.921771,50010757.000000,,
BATTERY,6,91.921771,50010757.000000,,
BATTERY,6,91.762079,51001952.000000,,
BATTERY,6,91.762079,51001952.000000,,
BATTERY,6,91.761867,51003265.000000,,
BATTERY,6,91.761867,51003265.000000,,
BATTERY,6,91.761800,51003681.000000,,
BATTERY,6,91.761247,51004866.000000,,
BATTERY,6,91.761030,51006211.000000,,
BATTERY,6,91.761030,51006211.000000,,
BATTERY,6,91.760721,51008131.000000,,
BATTERY,6,91.760721,51008131.000000,,
BATTERY,6,91.760303,51010724.000000,,
BATTERY,6,91.760303,51010724.000000,,
BATTERY,6,91.600708,52001312.000000,,
BATTERY,6,91.600708,52001312.000000,,
BATTERY,6,91.600497,52002625.000000,,
BATTERY,6,91.600497,52002625.000000,,
BATTERY,6,91.600425,52003074.000000,,
BATTERY,6,91.599872,52004259.000000,,
BATTERY,6,91.599609,52005891.000000,,
BATTERY,6,91.599609,52005891.000000,,
BATTERY,6,91.599397,52007204.000000,,
BATTERY,6,91.599397,52007204.000000,,
BATTERY,6,91.599036,52009444.000000,,
BATTERY,6,91.599036,52009444.000000,,
BATTERY,6,91.439235,53001312.000000,,
BATTERY,6,91.439235,53001312.000000,,
BATTERY,6,91.438977,53002912.000000,,
BATTERY,6,91.438977,53002912.000000,,
BATTERY,6,91.438900,53003394.000000,,
BATTERY,6,91.438347,53004579.000000,,
BATTERY,6,91.438135,53005891.000000,,
BATTERY,6,91.438135,53005891.000000,,
BATTERY,6,91.437769,53008164.000000,,
BATTERY,6,91.437769,53008164.000000,,
BATTERY,6,91.437403,53010437.000000,,
BATTERY,6,91.437403,53010437.000000,,
BATTERY,6,91.277901,54000448.000000,,
BATTERY,6,91.277348,54001633.000000,,
BATTERY,6,91.277137,54002945.000000,,
BATTERY,6,91.277137,54002945.000000,,
BATTERY,6,91.276925,54004258.000000,,
BATTERY,6,91.276925,54004258.000000,,
BATTERY,6,91.276714,54005571.000000,,
BATTERY,6,91.276714,54005571.000000,,
BATTERY,6,91.276502,54006884.000000,,
BATTERY,6,91.276502,54006884.000000,,
BATTERY,6,91.116289,55001312.000000,,
BATTERY,6,91.116289,55001312.000000,,
BATTERY,6,91.116077,55002625.000000,,
BATTERY,6,91.116077,55002625.000000,,
BATTERY,6,91.116005,55003074.000000,,
BATTERY,6,91.115452,55004259.000000,,
BATTERY,6,91.115241,55005571.000000,,
BATTERY,6,91.115241,55005571.000000,,
BATTERY,6,91.114983,55007171.000000,,
BATTERY,6,91.114983,55007171.000000,,
BATTERY,6,90.954816,56001312.000000,,
BATTERY,6,90.954816,56001312.000000,,
BATTERY,6,90.954604,56002625.000000,,
BATTERY,6,90.954604,56002625.000000,,
BATTERY,6,90.954583,56002754.000000,,
BATTERY,6,90.954030,56003939.000000,,
BATTERY,6,90.953767,56005571.000000,,
BATTERY,6,90.953767,56005571.000000,,
BATTERY,6,90.953510,56007171.000000,,
BATTERY,6,90.953510,56007171.000000,,
BATTERY,6,90.952937,56010724.000000,,
BATTERY,6,90.952937,56010724.000000,,
BATTERY,6,90.793291,57001632.000000,,
BATTERY,6,90.793291,57001632.000000,,
BATTERY,6,90.793079,57002945.000000,,
BATTERY,6,90.793079,57002945.000000,,
BATTERY,6,90.792770,57004865.000000,,
BATTERY,6,90.792770,57004865.000000,,
BATTERY,6,90.792558,57006178.000000,,
BATTERY,6,90.792558,57006178.000000,,
BATTERY,6,90.792295,57007811.000000,,
BATTERY,6,90.792295,57007811.000000,,
BATTERY,6,90.792172,57008580.000000,,
BATTERY,6,90.791619,57009765.000000,,
BATTERY,6,90.631818,58001632.000000,,
BATTERY,6,90.631818,58001632.000000,,
BATTERY,6,90.631606,58002945.000000,,
BATTERY,6,90.631606,58002945.000000,,
BATTERY,6,90.631395,58004258.000000,,
BATTERY,6,90.631395,58004258.000000,,
BATTERY,6,90.631328,58004674.000000,,
BATTERY,6,90.630775,58005859.000000,,
BATTERY,6,90.630512,58007491.000000,,
BATTERY,6,90.630512,58007491.000000,,
BATTERY,6,90.630197,58009444.000000,,
BATTERY,6,90.630197,58009444.000000,,
BATTERY,6,90.629676,58012677.000000,,
BATTERY,6,90.629676,58012677.000000,,
BATTERY,6,90.470396,59001312.000000,,
BATTERY,6,90.470396,59001312.000000,,
BATTERY,6,90.470185,59002625.000000,,
BATTERY,6,90.470185,59002625.000000,,
BATTERY,6,90.469973,59003938.000000,,
BATTERY,6,90.469973,59003938.000000,,
BATTERY,6,90.469901,59004387.000000,,
BATTERY,6,90.469348,59005572.000000,,
BATTERY,6,90.469085,59007204.000000,,
BATTERY,6,90.469085,59007204.000000,,
BATTERY,6,90.468775,59009124.000000,,
BATTERY,6,90.468775,59009124.000000,,
BATTERY,6,90.468255,59012357.000000,,
BATTERY,6,90.468255,59012357.000000,,
BATTERY,6,90.308923,60001312.000000,,
BATTERY,6,90.308923,60001312.000000,,
BATTERY,6,90.308711,60002625.000000,,
BATTERY,6,90.308711,60002625.000000,,
BATTERY,6,90.308500,60003938.000000,,
BATTERY,6,90.308500,60003938.000000,,
BATTERY,6,90.308242,60005538.000000,,
BATTERY,6,90.308242,60005538.000000,,
BATTERY,6,90.308118,60006307.000000,,
BATTERY,6,90.307565,60007492.000000,,
BATTERY,6,90.307148,60010084.000000,,
BATTERY,6,90.307148,60010084.000000,,
BATTERY,6,90.147450,61001312.000000,,
BATTERY,6,90.147450,61001312.000000,,
BATTERY,6,90.147192,61002912.000000,,
BATTERY,6,90.147192,61002912.000000,,
BATTERY,6,90.146929,61004545.000000,,
BATTERY,6,90.146929,61004545.000000,,
BATTERY,6,90.146717,61005858.000000,,
BATTERY,6,90.146717,61005858.000000,,
BATTERY,6,90.146650,61006274.000000,,
BATTERY,6,90.146097,61007459.000000,,
BATTERY,6,90.145834,61009091.000000,,
BATTERY,6,90.145834,61009091.000000,,
BATTERY,6,89.985976,62001312.000000,,
BATTERY,6,89.985976,62001312.000000,,
BATTERY,6,89.985662,62003265.000000,,
BATTERY,6,89.985662,62003265.000000,,
BATTERY,6,89.985450,62004578.000000,,
BATTERY,6,89.985450,62004578.000000,,
BATTERY,6,89.985430,62004707.000000,,
BATTERY,6,89.984877,62005892.000000,,
BATTERY,6,89.984567,62007811.000000,,
BATTERY,6,89.984567,62007811.000000,,
BATTERY,6,89.984356,62009124.000000,,
BATTERY,6,89.984356,62009124.000000,,
BATTERY,6,89.983995,62011364.000000,,
BATTERY,6,89.983995,62011364.000000,,
BATTERY,6,89.983526,62014277.000000,,
BATTERY,6,89.983526,62014277.000000,,
BATTERY,6,89.824503,63001312.000000,,
BATTERY,6,89.824503,63001312.000000,,
BATTERY,6,89.824246,63002912.000000,,
BATTERY,6,89.824246,63002912.000000,,
BATTERY,6,89.824029,63004258.000000,,
BATTERY,6,89.824029,63004258.000000,,
BATTERY,6,89.823719,63006178.000000,,
BATTERY,6,89.823719,63006178.000000,,
BATTERY,6,89.823647,63006627.000000,,
BATTERY,6,89.823094,63007812.000000,,
BATTERY,6,89.822831,63009444.000000,,
BATTERY,6,89.822831,63009444.000000,,
BATTERY,6,89.663030,64001312.000000,,
BATTERY,6,89.663030,64001312.000000,,
BATTERY,6,89.662906,64002081.000000,,
BATTERY,6,89.662353,64003266.000000,,
BATTERY,6,89.662142,64004578.000000,,
BATTERY,6,89.662142,64004578.000000,,
BATTERY,6,89.661673,64007491.000000,,
BATTERY,6,89.661673,64007491.000000,,
BATTERY,6,89.661409,64009124.000000,,
BATTERY,6,89.661409,64009124.000000,,
BATTERY,6,89.661100,64011044.000000,,
BATTERY,6,89.661100,64011044.000000,,
BATTERY,6,89.501748,65000128.000000,,
BATTERY,6,89.501195,65001313.000000,,
BATTERY,6,89.500983,65002625.000000,,
BATTERY,6,89.500983,65002625.000000,,
BATTERY,6,89.500622,65004865.000000,,
BATTERY,6,89.500622,65004865.000000,,
BATTERY,6,89.500153,65007778.000000,,
BATTERY,6,89.500153,65007778.000000,,
BATTERY,6,89.499632,65011011.000000,,
BATTERY,6,89.499632,65011011.000000,,
BATTERY,6,89.339877,66002592.000000,,
BATTERY,6,89.339877,66002592.000000,,
BATTERY,6,89.339666,66003905.000000,,
BATTERY,6,89.339666,66003905.000000,,
BATTERY,6,89.339645,66004034.000000,,
BATTERY,6,89.339092,66005219.000000,,
BATTERY,6,89.338835,66006818.000000,,
BATTERY,6,89.338835,66006818.000000,,
BATTERY,6,89.338515,66008804.000000,,
BATTERY,6,89.338515,66008804.000000,,
BATTERY,6,89.338097,66011397.000000,,
BATTERY,6,89.338097,66011397.000000,,
BATTERY,6,89.178559,67001632.000000,,
BATTERY,6,89.178559,67001632.000000,,
BATTERY,6,89.178347,67002945.000000,,
BATTERY,6,89.178347,67002945.000000,,
BATTERY,6,89.178224,67003714.000000,,
BATTERY,6,89.177671,67004899.000000,,
BATTERY,6,89.177413,67006498.000000,,
BATTERY,6,89.177413,67006498.000000,,
BATTERY,6,89.177150,67008131.000000,,
BATTERY,6,89.177150,67008131.000000,,
BATTERY,6,89.176629,67011364.000000,,
BATTERY,6,89.176629,67011364.000000,,
BATTERY,6,89.017137,68001312.000000,,
BATTERY,6,89.017137,68001312.000000,,
BATTERY,6,89.016926,68002625.000000,,
BATTERY,6,89.016926,68002625.000000,,
BATTERY,6,89.016905,68002754.000000,,
BATTERY,6,89.016352,68003939.000000,,
BATTERY,6,89.016094,68005538.000000,,
BATTERY,6,89.016094,68005538.000000,,
BATTERY,6,89.015883,68006851.000000,,
BATTERY,6,89.015883,68006851.000000,,
BATTERY,6,89.015310,68010404.000000,,
BATTERY,6,89.015310,68010404.000000,,
BATTERY,6,88.855664,69001312.000000,,
BATTERY,6,88.855664,69001312.000000,,
BATTERY,6,88.855546,69002048.000000,,
BATTERY,6,88.854993,69003233.000000,,
BATTERY,6,88.854730,69004865.000000,,
BATTERY,6,88.854730,69004865.000000,,
BATTERY,6,88.854415,69006818.000000,,
BATTERY,6,88.854415,69006818.000000,,
BATTERY,6,88.854157,69008418.000000,,
BATTERY,6,88.854157,69008418.000000,,
BATTERY,6,88.853894,69010051.000000,,
BATTERY,6,88.853894,69010051.000000,,
BATTERY,6,88.694139,70001632.000000,,
BATTERY,6,88.694139,70001632.000000,,
BATTERY,6,88.693928,70002945.000000,,
BATTERY,6,88.693928,70002945.000000,,
BATTERY,6,88.693907,70003074.000000,,
BATTERY,6,88.693354,70004259.000000,,
BATTERY,6,88.692988,70006531.000000,,
BATTERY,6,88.692988,70006531.000000,,
BATTERY,6,88.692622,70008804.000000,,
BATTERY,6,88.692622,70008804.000000,,
BATTERY,6,88.692359,70010437.000000,,
BATTERY,6,88.692359,70010437.000000,,
BATTERY,6,88.692101,70012037.000000,,
BATTERY,6,88.692101,70012037.000000,,
BATTERY,6,88.532908,71000128.000000,,
BATTERY,6,88.532355,71001313.000000,,
BATTERY,6,88.532041,71003265.000000,,
BATTERY,6,88.532041,71003265.000000,,
BATTERY,6,88.531829,71004578.000000,,
BATTERY,6,88.531829,71004578.000000,,
BATTERY,6,88.531618,71005891.000000,,
BATTERY,6,88.531618,71005891.000000,,
BATTERY,6,88.531355,71007524.000000,,
BATTERY,6,88.531355,71007524.000000,,
BATTERY,6,88.531143,71008837.000000,,
BATTERY,6,88.531143,71008837.000000,,
BATTERY,6,88.530571,71012390.000000,,
BATTERY,6,88.530571,71012390.000000,,
BATTERY,6,88.371245,72001312.000000,,
BATTERY,6,88.371245,72001312.000000,,
BATTERY,6,88.371033,72002625.000000,,
BATTERY,6,88.371033,72002625.000000,,
BATTERY,6,88.370821,72003938.000000,,
BATTERY,6,88.370821,72003938.000000,,
BATTERY,6,88.370703,72004674.000000,,
BATTERY,6,88.370150,72005859.000000,,
BATTERY,6,88.369624,72009124.000000,,
BATTERY,6,88.369624,72009124.000000,,
BATTERY,6,88.209720,73001632.000000,,
BATTERY,6,88.209720,73001632.000000,,
BATTERY,6,88.209508,73002945.000000,,
BATTERY,6,88.209508,73002945.000000,,
BATTERY,6,88.209384,73003714.000000,,
BATTERY,6,88.208831,73004899.000000,,
BATTERY,6,88.208620,73006211.000000,,
BATTERY,6,88.208620,73006211.000000,,
BATTERY,6,88.048247,74001632.000000,,
BATTERY,6,88.048247,74001632.000000,,
BATTERY,6,88.047984,74003265.000000,,
BATTERY,6,88.047984,74003265.000000,,
BATTERY,6,88.047726,74004865.000000,,
BATTERY,6,88.047726,74004865.000000,,
BATTERY,6,88.047648,74005347.000000,,
BATTERY,6,88.047095,74006532.000000,,
BATTERY,6,87.886773,75001632.000000,,
BATTERY,6,87.886773,75001632.000000,,
BATTERY,6,87.886562,75002945.000000,,
BATTERY,6,87.886562,75002945.000000,,
BATTERY,6,87.886350,75004258.000000,,
BATTERY,6,87.886350,75004258.000000,,
BATTERY,6,87.886087,75005891.000000,,
BATTERY,6,87.886087,75005891.000000,,
BATTERY,6,87.885618,75008804.000000,,
BATTERY,6,87.885618,75008804.000000,,
BATTERY,6,87.885494,75009573.000000,,
BATTERY,6,87.884941,75010758.000000,,
BATTERY,6,87.725352,76001312.000000,,
BATTERY,6,87.725352,76001312.000000,,
BATTERY,6,87.725140,76002625.000000,,
BATTERY,6,87.725140,76002625.000000,,
BATTERY,6,87.725119,76002754.000000,,
BATTERY,6,87.724566,76003939.000000,,
BATTERY,6,87.724304,76005571.000000,,
BATTERY,6,87.724304,76005571.000000,,
BATTERY,6,87.724092,76006884.000000,,
BATTERY,6,87.724092,76006884.000000,,
BATTERY,6,87.723829,76008517.000000,,
BATTERY,6,87.723829,76008517.000000,,
BATTERY,6,87.563827,77001632.000000,,
BATTERY,6,87.563827,77001632.000000,,
BATTERY,6,87.563806,77001761.000000,,
BATTERY,6,87.563253,77002946.000000,,
BATTERY,6,87.562990,77004578.000000,,
BATTERY,6,87.562990,77004578.000000,,
BATTERY,6,87.562733,77006178.000000,,
BATTERY,6,87.562733,77006178.000000,,
BATTERY,6,87.562263,77009091.000000,,
BATTERY,6,87.562263,77009091.000000,,
BATTERY,6,87.402405,78001312.000000,,
BATTERY,6,87.402405,78001312.000000,,
BATTERY,6,87.402194,78002625.000000,,
BATTERY,6,87.402194,78002625.000000,,
BATTERY,6,87.401833,78004865.000000,,
BATTERY,6,87.401833,78004865.000000,,
BATTERY,6,87.401461,78007171.000000,,
BATTERY,6,87.401461,78007171.000000,,
BATTERY,6,87.401338,78007940.000000,,
BATTERY,6,87.400785,78009125.000000,,
BATTERY,6,87.400573,78010437.000000,,
BATTERY,6,87.400573,78010437.000000,,
BATTERY,6,87.240932,79001312.000000,,
BATTERY,6,87.240932,79001312.000000,,
BATTERY,6,87.240721,79002625.000000,,
BATTERY,6,87.240721,79002625.000000,,
BATTERY,6,87.240700,79002754.000000,,
BATTERY,6,87.240147,79003939.000000,,
BATTERY,6,87.239884,79005571.000000,,
BATTERY,6,87.239884,79005571.000000,,
BATTERY,6,87.239569,79007524.000000,,
BATTERY,6,87.239569,79007524.000000,,
BATTERY,6,87.239255,79009477.000000,,
BATTERY,6,87.239255,79009477.000000,,
BATTERY,6,87.079407,80001632.000000,,
BATTERY,6,87.079407,80001632.000000,,
BATTERY,6,87.079196,80002945.000000,,
BATTERY,6,87.079196,80002945.000000,,
BATTERY,6,87.078881,80004898.000000,,
BATTERY,6,87.078881,80004898.000000,,
BATTERY,6,87.078567,80006851.000000,,
BATTERY,6,87.078567,80006851.000000,,
BATTERY,6,87.078443,80007620.000000,,
BATTERY,6,87.077890,80008805.000000,,
BATTERY,6,87.077575,80010757.000000,,
BATTERY,6,87.077575,80010757.000000,,
BATTERY,6,87.077054,80013990.000000,,
BATTERY,6,87.077054,80013990.000000,,
BATTERY,6,86.917986,81001312.000000,,
BATTERY,6,86.917986,81001312.000000,,
BATTERY,6,86.917774,81002625.000000,,
BATTERY,6,86.917774,81002625.000000,,
BATTERY,6,86.917563,81003938.000000,,
BATTERY,6,86.917563,81003938.000000,,
BATTERY,6,86.917542,81004067.000000,,
BATTERY,6,86.916989,81005252.000000,,
BATTERY,6,86.916680,81007171.000000,,
BATTERY,6,86.916680,81007171.000000,,
BATTERY,6,86.916463,81008517.000000,,
BATTERY,6,86.916463,81008517.000000,,
BATTERY,6,86.756461,82001632.000000,,
BATTERY,6,86.756461,82001632.000000,,
BATTERY,6,86.756203,82003232.000000,,
BATTERY,6,86.756203,82003232.000000,,
BATTERY,6,86.755883,82005218.000000,,
BATTERY,6,86.755883,82005218.000000,,
BATTERY,6,86.755708,82006307.000000,,
BATTERY,6,86.755155,82007492.000000,,
BATTERY,6,86.754583,82011044.000000,,
BATTERY,6,86.754583,82011044.000000,,
BATTERY,6,86.595039,83001312.000000,,
BATTERY,6,86.595039,83001312.000000,,
BATTERY,6,86.594782,83002912.000000,,
BATTERY,6,86.594782,83002912.000000,,
BATTERY,6,86.594565,83004258.000000,,
BATTERY,6,86.594565,83004258.000000,,
BATTERY,6,86.594492,83004707.000000,,
BATTERY,6,86.593939,83005892.000000,,
BATTERY,6,86.593676,83007524.000000,,
BATTERY,6,86.593676,83007524.000000,,
BATTERY,6,86.593310,83009797.000000,,
BATTERY,6,86.593310,83009797.000000,,
BATTERY,6,86.433566,84001312.000000,,
BATTERY,6,86.433566,84001312.000000,,
BATTERY,6,86.433499,84001728.000000,,
BATTERY,6,86.432946,84002913.000000,,
BATTERY,6,86.432683,84004545.000000,,
BATTERY,6,86.432683,84004545.000000,,
BATTERY,6,86.432157,84007811.000000,,
BATTERY,6,86.432157,84007811.000000,,
BATTERY,6,86.271990,85001952.000000,,
BATTERY,6,86.271990,85001952.000000,,
BATTERY,6,86.271969,85002081.000000,,
BATTERY,6,86.271416,85003266.000000,,
BATTERY,6,86.271153,85004898.000000,,
BATTERY,6,86.271153,85004898.000000,,
BATTERY,6,86.270942,85006211.000000,,
BATTERY,6,86.270942,85006211.000000,,
BATTERY,6,86.270730,85007524.000000,,
BATTERY,6,86.270730,85007524.000000,,
BATTERY,6,86.270209,85010757.000000,,
BATTERY,6,86.270209,85010757.000000,,
BATTERY,6,86.110620,86001312.000000,,
BATTERY,6,86.110620,86001312.000000,,
BATTERY,6,86.110408,86002625.000000,,
BATTERY,6,86.110408,86002625.000000,,
BATTERY,6,86.110336,86003074.000000,,
BATTERY,6,86.109783,86004259.000000,,
BATTERY,6,86.109417,86006531.000000,,
BATTERY,6,86.109417,86006531.000000,,
BATTERY,6,86.108999,86009124.000000,,
BATTERY,6,86.108999,86009124.000000,,
BATTERY,6,85.949044,87001952.000000,,
BATTERY,6,85.949044,87001952.000000,,
BATTERY,6,85.948832,87003265.000000,,
BATTERY,6,85.948832,87003265.000000,,
BATTERY,6,85.948517,87005218.000000,,
BATTERY,6,85.948517,87005218.000000,,
BATTERY,6,85.948393,87005987.000000,,
BATTERY,6,85.947840,87007172.000000,,
BATTERY,6,85.787813,88000448.000000,,
BATTERY,6,85.787260,88001633.000000,,
BATTERY,6,85.787002,88003232.000000,,
BATTERY,6,85.787002,88003232.000000,,
BATTERY,6,85.786739,88004865.000000,,
BATTERY,6,85.786739,88004865.000000,,
BATTERY,6,85.786476,88006498.000000,,
BATTERY,6,85.786476,88006498.000000,,
BATTERY,6,85.786161,88008451.000000,,
BATTERY,6,85.786161,88008451.000000,,
BATTERY,6,85.785898,88010084.000000,,
BATTERY,6,85.785898,88010084.000000,,
BATTERY,6,85.626200,89001312.000000,,
BATTERY,6,85.626200,89001312.000000,,
BATTERY,6,85.625989,89002625.000000,,
BATTERY,6,85.625989,89002625.000000,,
BATTERY,6,85.625968,89002754.000000,,
BATTERY,6,85.625415,89003939.000000,,
BATTERY,6,85.625204,89005251.000000,,
BATTERY,6,85.625204,89005251.000000,,
BATTERY,6,85.624992,89006564.000000,,
BATTERY,6,85.624992,89006564.000000,,
BATTERY,6,85.624734,89008164.000000,,
BATTERY,6,85.624734,89008164.000000,,
BATTERY,6,85.624162,89011717.000000,,
BATTERY,6,85.624162,89011717.000000,,
BATTERY,6,85.464727,90001312.000000,,
BATTERY,6,85.464727,90001312.000000,,
BATTERY,6,85.464469,90002912.000000,,
BATTERY,6,85.464469,90002912.000000,,
BATTERY,6,85.464098,90005218.000000,,
BATTERY,6,85.464098,90005218.000000,,
BATTERY,6,85.464077,90005347.000000,,
BATTERY,6,85.463524,90006532.000000,,
BATTERY,6,85.303254,91001312.000000,,
BATTERY,6,85.303254,91001312.000000,,
BATTERY,6,85.303042,91002625.000000,,
BATTERY,6,85.303042,91002625.000000,,
BATTERY,6,85.302831,91003938.000000,,
BATTERY,6,85.302831,91003938.000000,,
BATTERY,6,85.302764,91004354.000000,,
BATTERY,6,85.302211,91005539.000000,,
BATTERY,6,85.301999,91006851.000000,,
BATTERY,6,85.301999,91006851.000000,,
BATTERY,6,85.301742,91008451.000000,,
BATTERY,6,85.301742,91008451.000000,,
BATTERY,6,85.141971,92000128.000000,,
BATTERY,6,85.141418,92001313.000000,,
BATTERY,6,85.141207,92002625.000000,,
BATTERY,6,85.141207,92002625.000000,,
BATTERY,6,85.140995,92003938.000000,,
BATTERY,6,85.140995,92003938.000000,,
BATTERY,6,85.140732,92005571.000000,,
BATTERY,6,85.140732,92005571.000000,,
BATTERY,6,85.140423,92007491.000000,,
BATTERY,6,85.140423,92007491.000000,,
BATTERY,6,85.140206,92008837.000000,,
BATTERY,6,85.140206,92008837.000000,,
BATTERY,6,85.139840,92011110.000000,,
BATTERY,6,85.139840,92011110.000000,,
BATTERY,6,84.980498,93000128.000000,,
BATTERY,6,84.979945,93001313.000000,,
BATTERY,6,84.979734,93002625.000000,,
BATTERY,6,84.979734,93002625.000000,,
BATTERY,6,84.979419,93004578.000000,,
BATTERY,6,84.979419,93004578.000000,,
BATTERY,6,84.979208,93005891.000000,,
BATTERY,6,84.979208,93005891.000000,,
BATTERY,6,84.978950,93007491.000000,,
BATTERY,6,84.978950,93007491.000000,,
BATTERY,6,84.978377,93011044.000000,,
BATTERY,6,84.978377,93011044.000000,,
BATTERY,6,84.818834,94001312.000000,,
BATTERY,6,84.818834,94001312.000000,,
BATTERY,6,84.818762,94001761.000000,,
BATTERY,6,84.818209,94002946.000000,,
BATTERY,6,84.817998,94004258.000000,,
BATTERY,6,84.817998,94004258.000000,,
BATTERY,6,84.817786,94005571.000000,,
BATTERY,6,84.817786,94005571.000000,,
BATTERY,6,84.817528,94007171.000000,,
BATTERY,6,84.817528,94007171.000000,,
BATTERY,6,84.817265,94008804.000000,,
BATTERY,6,84.817265,94008804.000000,,
BATTERY,6,84.816847,94011397.000000,,
BATTERY,6,84.816847,94011397.000000,,
BATTERY,6,84.657258,95001952.000000,,
BATTERY,6,84.657258,95001952.000000,,
BATTERY,6,84.657046,95003265.000000,,
BATTERY,6,84.657046,95003265.000000,,
BATTERY,6,84.656789,95004865.000000,,
BATTERY,6,84.656789,95004865.000000,,
BATTERY,6,84.656572,95006211.000000,,
BATTERY,6,84.656572,95006211.000000,,
BATTERY,6,84.656448,95006980.000000,,
BATTERY,6,84.655895,95008165.000000,,
BATTERY,6,84.655637,95009764.000000,,
BATTERY,6,84.655637,95009764.000000,,
BATTERY,6,84.496079,96000128.000000,,
BATTERY,6,84.495526,96001313.000000,,
BATTERY,6,84.495268,96002912.000000,,
BATTERY,6,84.495268,96002912.000000,,
BATTERY,6,84.495051,96004258.000000,,
BATTERY,6,84.495051,96004258.000000,,
BATTERY,6,84.494788,96005891.000000,,
BATTERY,6,84.494788,96005891.000000,,
BATTERY,6,84.494473,96007844.000000,,
BATTERY,6,84.494473,96007844.000000,,
BATTERY,6,84.334260,97002272.000000,,
BATTERY,6,84.334260,97002272.000000,,
BATTERY,6,84.334048,97003585.000000,,
BATTERY,6,84.334048,97003585.000000,,
BATTERY,6,84.333791,97005185.000000,,
BATTERY,6,84.333791,97005185.000000,,
BATTERY,6,84.333528,97006818.000000,,
BATTERY,6,84.333528,97006818.000000,,
BATTERY,6,84.333409,97007554.000000,,
BATTERY,6,84.332856,97008739.000000,,
BATTERY,6,84.172941,98001312.000000,,
BATTERY,6,84.172941,98001312.000000,,
BATTERY,6,84.172684,98002912.000000,,
BATTERY,6,84.172684,98002912.000000,,
BATTERY,6,84.172369,98004865.000000,,
BATTERY,6,84.172369,98004865.000000,,
BATTERY,6,84.172106,98006498.000000,,
BATTERY,6,84.172106,98006498.000000,,
BATTERY,6,84.172039,98006914.000000,,
BATTERY,6,84.171486,98008099.000000,,
BATTERY,6,84.170965,98011331.000000,,
BATTERY,6,84.170965,98011331.000000,,
BATTERY,6,84.011417,99001632.000000,,
BATTERY,6,84.011417,99001632.000000,,
BATTERY,6,84.011205,99002945.000000,,
BATTERY,6,84.011205,99002945.000000,,
BATTERY,6,84.010947,99004545.000000,,
BATTERY,6,84.010947,99004545.000000,,
BATTERY,6,84.010627,99006531.000000,,
BATTERY,6,84.010627,99006531.000000,,
BATTERY,6,84.010452,99007620.000000,,
BATTERY,6,84.009899,99008805.000000,,
BATTERY,6,84.006651,99028967.702420,,
