BATTERY,2,99.995316,29071.142420,,
BATTERY,2,99.995316,29071.142420,,
BATTERY,2,99.994579,33647.142420,,
BATTERY,2,99.994579,33647.142420,,
BATTERY,2,99.993996,37264.142420,,
BATTERY,2,99.993996,37264.142420,,
BATTERY,2,99.993414,40881.142420,,
BATTERY,2,99.993414,40881.142420,,
BATTERY,2,99.993310,41522.142420,,
BATTERY,2,99.991626,44818.142420,,
BATTERY,2,99.991043,48435.142420,,
BATTERY,2,99.991043,48435.142420,,
BATTERY,2,99.991022,48564.142420,,
BATTERY,2,99.989394,52053.142420,,
BATTERY,2,99.941386,350031.142420,,
BATTERY,2,99.941386,350031.142420,,
BATTERY,2,99.941314,350479.142420,,
BATTERY,2,99.939686,353968.142420,,
BATTERY,2,99.939052,357904.142420,,
BATTERY,2,99.939052,357904.142420,,
BATTERY,2,99.938846,359185.142420,,
BATTERY,2,99.937161,362481.142420,,
BATTERY,2,99.936527,366418.142420,,
BATTERY,2,99.936527,366418.142420,,
BATTERY,2,99.848790,910991.142420,,
BATTERY,2,99.848790,910991.142420,,
BATTERY,2,99.848156,914927.142420,,
BATTERY,2,99.848156,914927.142420,,
BATTERY,2,99.847573,918544.142420,,
BATTERY,2,99.847573,918544.142420,,
BATTERY,2,99.846990,922161.142420,,
BATTERY,2,99.846990,922161.142420,,
BATTERY,2,99.846887,922802.142420,,
BATTERY,2,99.845202,926098.142420,,
BATTERY,2,99.845078,926867.142420,,
BATTERY,2,99.843450,930356.142420,,
BATTERY,2,99.842816,934292.142420,,
BATTERY,2,99.842816,934292.142420,,
BATTERY,2,99.831761,1002912.000000,,
BATTERY,2,99.831761,1002912.000000,,
BATTERY,2,99.670856,2001632.000000,,
BATTERY,2,99.670856,2001632.000000,,
BATTERY,2,99.670758,2002240.000000,,
BATTERY,2,99.670251,2003232.000000,,
BATTERY,2,99.670039,2004545.000000,,
BATTERY,2,99.670039,2004545.000000,,
BATTERY,2,99.669678,2006785.000000,,
BATTERY,2,99.669678,2006785.000000,,
BATTERY,2,99.669549,2007587.000000,,
BATTERY,2,99.668996,2008772.000000,,
BATTERY,2,99.509087,3001312.000000,,
BATTERY,2,99.509087,3001312.000000,,
BATTERY,2,99.508829,3002912.000000,,
BATTERY,2,99.508829,3002912.000000,,
BATTERY,2,99.508721,3003586.000000,,
BATTERY,2,99.508214,3004578.000000,,
BATTERY,2,99.508095,3005314.000000,,
BATTERY,2,99.507542,3006499.000000,,
BATTERY,2,99.506970,3010051.000000,,
BATTERY,2,99.506970,3010051.000000,,
BATTERY,2,99.347215,4001632.000000,,
BATTERY,2,99.347215,4001632.000000,,
BATTERY,2,99.347117,4002240.000000,,
BATTERY,2,99.346610,4003232.000000,,
BATTERY,2,99.346398,4004545.000000,,
BATTERY,2,99.346398,4004545.000000,,
BATTERY,2,99.346326,4004994.000000,,
BATTERY,2,99.345773,4006179.000000,,
BATTERY,2,99.345562,4007491.000000,,
BATTERY,2,99.345562,4007491.000000,,
BATTERY,2,99.345350,4008804.000000,,
BATTERY,2,99.345350,4008804.000000,,
BATTERY,2,99.344829,4012037.000000,,
BATTERY,2,99.344829,4012037.000000,,
BATTERY,2,99.185395,5001632.000000,,
BATTERY,2,99.185395,5001632.000000,,
BATTERY,2,99.185137,5003232.000000,,
BATTERY,2,99.185137,5003232.000000,,
BATTERY,2,99.184925,5004545.000000,,
BATTERY,2,99.184925,5004545.000000,,
BATTERY,2,99.184827,5005153.000000,,
BATTERY,2,99.184320,5006145.000000,,
BATTERY,2,99.184248,5006594.000000,,
BATTERY,2,99.183695,5007779.000000,,
BATTERY,2,99.183329,5010051.000000,,
BATTERY,2,99.183329,5010051.000000,,
BATTERY,2,99.023786,6000320.000000,,
BATTERY,2,99.023279,6001312.000000,,
BATTERY,2,99.023067,6002625.000000,,
BATTERY,2,99.023067,6002625.000000,,
BATTERY,2,99.023000,6003041.000000,,
BATTERY,2,99.022447,6004226.000000,,
BATTERY,2,99.022184,6005858.000000,,
BATTERY,2,99.022184,6005858.000000,,
BATTERY,2,99.021973,6007171.000000,,
BATTERY,2,99.021973,6007171.000000,,
BATTERY,2,99.021555,6009764.000000,,
BATTERY,2,99.021555,6009764.000000,,
BATTERY,2,98.861996,7000128.000000,,
BATTERY,2,98.861443,7001313.000000,,
BATTERY,2,98.861232,7002625.000000,,
BATTERY,2,98.861232,7002625.000000,,
BATTERY,2,98.860974,7004225.000000,,
BATTERY,2,98.860974,7004225.000000,,
BATTERY,2,98.860659,7006178.000000,,
BATTERY,2,98.860659,7006178.000000,,
BATTERY,2,98.860242,7008771.000000,,
BATTERY,2,98.860242,7008771.000000,,
BATTERY,2,98.860030,7010084.000000,,
BATTERY,2,98.860030,7010084.000000,,
BATTERY,2,98.700440,8000640.000000,,
BATTERY,2,98.699933,8001632.000000,,
BATTERY,2,98.699722,8002945.000000,,
BATTERY,2,98.699722,8002945.000000,,
BATTERY,2,98.699304,8005538.000000,,
BATTERY,2,98.699304,8005538.000000,,
BATTERY,2,98.699180,8006307.000000,,
BATTERY,2,98.698627,8007492.000000,,
BATTERY,2,98.698364,8009124.000000,,
BATTERY,2,98.698364,8009124.000000,,
BATTERY,2,98.538512,9001312.000000,,
BATTERY,2,98.538512,9001312.000000,,
BATTERY,2,98.538254,9002912.000000,,
BATTERY,2,98.538254,9002912.000000,,
BATTERY,2,98.538037,9004258.000000,,
BATTERY,2,98.538037,9004258.000000,,
BATTERY,2,98.537888,9005186.000000,,
BATTERY,2,98.537381,9006178.000000,,
BATTERY,2,98.537014,9008451.000000,,
BATTERY,2,98.537014,9008451.000000,,
BATTERY,2,98.536684,9010500.000000,,
BATTERY,2,98.536131,9011685.000000,,
BATTERY,2,98.376485,10002592.000000,,
BATTERY,2,98.376485,10002592.000000,,
BATTERY,2,98.376433,10002913.000000,,
BATTERY,2,98.375926,10003905.000000,,
BATTERY,2,98.375669,10005505.000000,,
BATTERY,2,98.375669,10005505.000000,,
BATTERY,2,98.375354,10007458.000000,,
BATTERY,2,98.375354,10007458.000000,,
BATTERY,2,98.375179,10008547.000000,,
BATTERY,2,98.374626,10009732.000000,,
BATTERY,2,98.215031,11000320.000000,,
BATTERY,2,98.214524,11001312.000000,,
BATTERY,2,98.214451,11001761.000000,,
BATTERY,2,98.213898,11002946.000000,,
BATTERY,2,98.213641,11004545.000000,,
BATTERY,2,98.213641,11004545.000000,,
BATTERY,2,98.213429,11005858.000000,,
BATTERY,2,98.213429,11005858.000000,,
BATTERY,2,98.213166,11007491.000000,,
BATTERY,2,98.213166,11007491.000000,,
BATTERY,2,98.212955,11008804.000000,,
BATTERY,2,98.212955,11008804.000000,,
BATTERY,2,98.212743,11010117.000000,,
BATTERY,2,98.212743,11010117.000000,,
BATTERY,2,98.053051,12001312.000000,,
BATTERY,2,98.053051,12001312.000000,,
BATTERY,2,98.052788,12002945.000000,,
BATTERY,2,98.052788,12002945.000000,,
BATTERY,2,98.052576,12004258.000000,,
BATTERY,2,98.052576,12004258.000000,,
BATTERY,2,98.052509,12004674.000000,,
BATTERY,2,98.051956,12005859.000000,,
BATTERY,2,98.051544,12008419.000000,,
BATTERY,2,98.051036,12009411.000000,,
BATTERY,2,97.891421,13000128.000000,,
BATTERY,2,97.890868,13001313.000000,,
BATTERY,2,97.890765,13001953.000000,,
BATTERY,2,97.890258,13002945.000000,,
BATTERY,2,97.890000,13004545.000000,,
BATTERY,2,97.890000,13004545.000000,,
BATTERY,2,97.889732,13006211.000000,,
BATTERY,2,97.889732,13006211.000000,,
BATTERY,2,97.889422,13008131.000000,,
BATTERY,2,97.889422,13008131.000000,,
BATTERY,2,97.888901,13011364.000000,,
BATTERY,2,97.888901,13011364.000000,,
BATTERY,2,97.729410,14001312.000000,,
BATTERY,2,97.729410,14001312.000000,,
BATTERY,2,97.729358,14001633.000000,,
BATTERY,2,97.728851,14002625.000000,,
BATTERY,2,97.728779,14003074.000000,,
BATTERY,2,97.728226,14004259.000000,,
BATTERY,2,97.727917,14006178.000000,,
BATTERY,2,97.727917,14006178.000000,,
BATTERY,2,97.727705,14007491.000000,,
BATTERY,2,97.727705,14007491.000000,,
BATTERY,2,97.727447,14009091.000000,,
BATTERY,2,97.727447,14009091.000000,,
BATTERY,2,97.726875,14012644.000000,,
BATTERY,2,97.726875,14012644.000000,,
BATTERY,2,97.567486,15001952.000000,,
BATTERY,2,97.567486,15001952.000000,,
BATTERY,2,97.567466,15002081.000000,,
BATTERY,2,97.566913,15003266.000000,,
BATTERY,2,97.566650,15004898.000000,,
BATTERY,2,97.566650,15004898.000000,,
BATTERY,2,97.566438,15006211.000000,,
BATTERY,2,97.566438,15006211.000000,,
BATTERY,2,97.566227,15007524.000000,,
BATTERY,2,97.566227,15007524.000000,,
BATTERY,2,97.566020,15008805.000000,,
BATTERY,2,97.565513,15009797.000000,,
BATTERY,2,97.565095,15012390.000000,,
BATTERY,2,97.565095,15012390.000000,,
BATTERY,2,97.405769,16001312.000000,,
BATTERY,2,97.405769,16001312.000000,,
BATTERY,2,97.405697,16001761.000000,,
BATTERY,2,97.405144,16002946.000000,,
BATTERY,2,97.404932,16004258.000000,,
BATTERY,2,97.404932,16004258.000000,,
BATTERY,2,97.404623,16006178.000000,,
BATTERY,2,97.404623,16006178.000000,,
BATTERY,2,97.404308,16008131.000000,,
BATTERY,2,97.404308,16008131.000000,,
BATTERY,2,97.244296,17001312.000000,,
BATTERY,2,97.244296,17001312.000000,,
BATTERY,2,97.244084,17002625.000000,,
BATTERY,2,97.244084,17002625.000000,,
BATTERY,2,97.244017,17003041.000000,,
BATTERY,2,97.243464,17004226.000000,,
BATTERY,2,97.243201,17005858.000000,,
BATTERY,2,97.243201,17005858.000000,,
BATTERY,2,97.243052,17006786.000000,,
BATTERY,2,97.242545,17007778.000000,,
BATTERY,2,97.082615,18000448.000000,,
BATTERY,2,97.082062,18001633.000000,,
BATTERY,2,97.081804,18003232.000000,,
BATTERY,2,97.081804,18003232.000000,,
BATTERY,2,97.081649,18004193.000000,,
BATTERY,2,97.081142,18005185.000000,,
BATTERY,2,97.080621,18008418.000000,,
BATTERY,2,97.080621,18008418.000000,,
BATTERY,2,96.920603,19001632.000000,,
BATTERY,2,96.920603,19001632.000000,,
BATTERY,2,96.920346,19003232.000000,,
BATTERY,2,96.920346,19003232.000000,,
BATTERY,2,96.920083,19004865.000000,,
BATTERY,2,96.920083,19004865.000000,,
BATTERY,2,96.920016,19005281.000000,,
BATTERY,2,96.919463,19006466.000000,,
BATTERY,2,96.919246,19007811.000000,,
BATTERY,2,96.919246,19007811.000000,,
BATTERY,2,96.918931,19009764.000000,,
BATTERY,2,96.918931,19009764.000000,,
BATTERY,2,96.759182,20001312.000000,,
BATTERY,2,96.759182,20001312.000000,,
BATTERY,2,96.759115,20001728.000000,,
BATTERY,2,96.758562,20002913.000000,,
BATTERY,2,96.758505,20003266.000000,,
BATTERY,2,96.757998,20004258.000000,,
BATTERY,2,96.757740,20005858.000000,,
BATTERY,2,96.757740,20005858.000000,,
BATTERY,2,96.757426,20007811.000000,,
BATTERY,2,96.757426,20007811.000000,,
BATTERY,2,96.597470,21000640.000000,,
BATTERY,2,96.596963,21001632.000000,,
BATTERY,2,96.596942,21001761.000000,,
BATTERY,2,96.596389,21002946.000000,,
BATTERY,2,96.596131,21004545.000000,,
BATTERY,2,96.596131,21004545.000000,,
BATTERY,2,96.595657,21007491.000000,,
BATTERY,2,96.595657,21007491.000000,,
BATTERY,2,96.595136,21010724.000000,,
BATTERY,2,96.595136,21010724.000000,,
BATTERY,2,96.435490,22001632.000000,,
BATTERY,2,96.435490,22001632.000000,,
BATTERY,2,96.435417,22002081.000000,,
BATTERY,2,96.434864,22003266.000000,,
BATTERY,2,96.434653,22004578.000000,,
BATTERY,2,96.434653,22004578.000000,,
BATTERY,2,96.434601,22004899.000000,,
BATTERY,2,96.434094,22005891.000000,,
BATTERY,2,96.433836,22007491.000000,,
BATTERY,2,96.433836,22007491.000000,,
BATTERY,2,96.433573,22009124.000000,,
BATTERY,2,96.433573,22009124.000000,,
BATTERY,2,96.273911,23000128.000000,,
BATTERY,2,96.273358,23001313.000000,,
BATTERY,2,96.273147,23002625.000000,,
BATTERY,2,96.273147,23002625.000000,,
BATTERY,2,96.272884,23004258.000000,,
BATTERY,2,96.272884,23004258.000000,,
BATTERY,2,96.272734,23005186.000000,,
BATTERY,2,96.272227,23006178.000000,,
BATTERY,2,96.271856,23008484.000000,,
BATTERY,2,96.271856,23008484.000000,,
BATTERY,2,96.111900,24001312.000000,,
BATTERY,2,96.111900,24001312.000000,,
BATTERY,2,96.111689,24002625.000000,,
BATTERY,2,96.111689,24002625.000000,,
BATTERY,2,96.111585,24003266.000000,,
BATTERY,2,96.111078,24004258.000000,,
BATTERY,2,96.110867,24005571.000000,,
BATTERY,2,96.110867,24005571.000000,,
BATTERY,2,96.110800,24005987.000000,,
BATTERY,2,96.110247,24007172.000000,,
BATTERY,2,96.109979,24008837.000000,,
BATTERY,2,96.109979,24008837.000000,,
BATTERY,2,95.950080,25001312.000000,,
BATTERY,2,95.950080,25001312.000000,,
BATTERY,2,95.949822,25002912.000000,,
BATTERY,2,95.949822,25002912.000000,,
BATTERY,2,95.949796,25003074.000000,,
BATTERY,2,95.949243,25004259.000000,,
BATTERY,2,95.948929,25006211.000000,,
BATTERY,2,95.948929,25006211.000000,,
BATTERY,2,95.948567,25008452.000000,,
BATTERY,2,95.948060,25009444.000000,,
BATTERY,2,95.788259,26001312.000000,,
BATTERY,2,95.788259,26001312.000000,,
BATTERY,2,95.788048,26002625.000000,,
BATTERY,2,95.788048,26002625.000000,,
BATTERY,2,95.787981,26003041.000000,,
BATTERY,2,95.787428,26004226.000000,,
BATTERY,2,95.786902,26007491.000000,,
BATTERY,2,95.786902,26007491.000000,,
BATTERY,2,95.786592,26009412.000000,,
BATTERY,2,95.786085,26010404.000000,,
BATTERY,2,95.626599,27000320.000000,,
BATTERY,2,95.626092,27001312.000000,,
BATTERY,2,95.625783,27003232.000000,,
BATTERY,2,95.625783,27003232.000000,,
BATTERY,2,95.625519,27004865.000000,,
BATTERY,2,95.625519,27004865.000000,,
BATTERY,2,95.625256,27006498.000000,,
BATTERY,2,95.625256,27006498.000000,,
BATTERY,2,95.624787,27009411.000000,,
BATTERY,2,95.624787,27009411.000000,,
BATTERY,2,95.624663,27010180.000000,,
BATTERY,2,95.624110,27011365.000000,,
BATTERY,2,95.623589,27014597.000000,,
BATTERY,2,95.623589,27014597.000000,,
BATTERY,2,95.464567,28001632.000000,,
BATTERY,2,95.464567,28001632.000000,,
BATTERY,2,95.464469,28002240.000000,,
BATTERY,2,95.463962,28003232.000000,,
BATTERY,2,95.463745,28004578.000000,,
BATTERY,2,95.463745,28004578.000000,,
BATTERY,2,95.463575,28005634.000000,,
BATTERY,2,95.463022,28006819.000000,,
BATTERY,2,95.302747,29001632.000000,,
BATTERY,2,95.302747,29001632.000000,,
BATTERY,2,95.302649,29002240.000000,,
BATTERY,2,95.302142,29003232.000000,,
BATTERY,2,95.301827,29005185.000000,,
BATTERY,2,95.301827,29005185.000000,,
BATTERY,2,95.301569,29006785.000000,,
BATTERY,2,95.301569,29006785.000000,,
BATTERY,2,95.301306,29008418.000000,,
BATTERY,2,95.301306,29008418.000000,,
BATTERY,2,95.301239,29008834.000000,,
BATTERY,2,95.300686,29010019.000000,,
BATTERY,2,95.141169,30000128.000000,,
BATTERY,2,95.140616,30001313.000000,,
BATTERY,2,95.140404,30002625.000000,,
BATTERY,2,95.140404,30002625.000000,,
BATTERY,2,95.140193,30003938.000000,,
BATTERY,2,95.140193,30003938.000000,,
BATTERY,2,95.139981,30005251.000000,,
BATTERY,2,95.139981,30005251.000000,,
BATTERY,2,95.139878,30005892.000000,,
BATTERY,2,95.139371,30006884.000000,,
BATTERY,2,95.139113,30008484.000000,,
BATTERY,2,95.139113,30008484.000000,,
BATTERY,2,94.979158,31001312.000000,,
BATTERY,2,94.979158,31001312.000000,,
BATTERY,2,94.979090,31001728.000000,,
BATTERY,2,94.978537,31002913.000000,,
BATTERY,2,94.978321,31004258.000000,,
BATTERY,2,94.978321,31004258.000000,,
BATTERY,2,94.977955,31006531.000000,,
BATTERY,2,94.977955,31006531.000000,,
BATTERY,2,94.977743,31007844.000000,,
BATTERY,2,94.977743,31007844.000000,,
BATTERY,2,94.977428,31009797.000000,,
BATTERY,2,94.977428,31009797.000000,,
BATTERY,2,94.977067,31012038.000000,,
BATTERY,2,94.976560,31013030.000000,,
BATTERY,2,94.817337,32001312.000000,,
BATTERY,2,94.817337,32001312.000000,,
BATTERY,2,94.817126,32002625.000000,,
BATTERY,2,94.817126,32002625.000000,,
BATTERY,2,94.816816,32004545.000000,,
BATTERY,2,94.816816,32004545.000000,,
BATTERY,2,94.816713,32005186.000000,,
BATTERY,2,94.816206,32006178.000000,,
BATTERY,2,94.816134,32006627.000000,,
BATTERY,2,94.815581,32007812.000000,,
BATTERY,2,94.815111,32010724.000000,,
BATTERY,2,94.815111,32010724.000000,,
BATTERY,2,94.655573,33000960.000000,,
BATTERY,2,94.655066,33001952.000000,,
BATTERY,2,94.654809,33003552.000000,,
BATTERY,2,94.654809,33003552.000000,,
BATTERY,2,94.654736,33004001.000000,,
BATTERY,2,94.654183,33005186.000000,,
BATTERY,2,94.653926,33006785.000000,,
BATTERY,2,94.653926,33006785.000000,,
BATTERY,2,94.653503,33009411.000000,,
BATTERY,2,94.653503,33009411.000000,,
BATTERY,2,94.652930,33012964.000000,,
BATTERY,2,94.652930,33012964.000000,,
BATTERY,2,94.493542,34002272.000000,,
BATTERY,2,94.493542,34002272.000000,,
BATTERY,2,94.493438,34002913.000000,,
BATTERY,2,94.492931,34003905.000000,,
BATTERY,2,94.492720,34005218.000000,,
BATTERY,2,94.492720,34005218.000000,,
BATTERY,2,94.492601,34005954.000000,,
BATTERY,2,94.492048,34007139.000000,,
BATTERY,2,94.491785,34008771.000000,,
BATTERY,2,94.491785,34008771.000000,,
BATTERY,2,94.491419,34011044.000000,,
BATTERY,2,94.491419,34011044.000000,,
BATTERY,2,94.490950,34013957.000000,,
BATTERY,2,94.490950,34013957.000000,,
BATTERY,2,94.332036,35000320.000000,,
BATTERY,2,94.331529,35001312.000000,,
BATTERY,2,94.331456,35001761.000000,,
BATTERY,2,94.330903,35002946.000000,,
BATTERY,2,94.330692,35004258.000000,,
BATTERY,2,94.330692,35004258.000000,,
BATTERY,2,94.330434,35005858.000000,,
BATTERY,2,94.330434,35005858.000000,,
BATTERY,2,94.170056,36001312.000000,,
BATTERY,2,94.170056,36001312.000000,,
BATTERY,2,94.169983,36001761.000000,,
BATTERY,2,94.169430,36002946.000000,,
BATTERY,2,94.169173,36004545.000000,,
BATTERY,2,94.169173,36004545.000000,,
BATTERY,2,94.168961,36005858.000000,,
BATTERY,2,94.168961,36005858.000000,,
BATTERY,2,94.168646,36007811.000000,,
BATTERY,2,94.168646,36007811.000000,,
BATTERY,2,94.168337,36009732.000000,,
BATTERY,2,94.167830,36010724.000000,,
BATTERY,2,94.008426,37000128.000000,,
BATTERY,2,94.007873,37001313.000000,,
BATTERY,2,94.007662,37002625.000000,,
BATTERY,2,94.007662,37002625.000000,,
BATTERY,2,94.007404,37004225.000000,,
BATTERY,2,94.007404,37004225.000000,,
BATTERY,2,94.007300,37004866.000000,,
BATTERY,2,94.006793,37005858.000000,,
BATTERY,2,94.006479,37007811.000000,,
BATTERY,2,94.006479,37007811.000000,,
BATTERY,2,93.846415,38001312.000000,,
BATTERY,2,93.846415,38001312.000000,,
BATTERY,2,93.846203,38002625.000000,,
BATTERY,2,93.846203,38002625.000000,,
BATTERY,2,93.846136,38003041.000000,,
BATTERY,2,93.845583,38004226.000000,,
BATTERY,2,93.845480,38004866.000000,,
BATTERY,2,93.844973,38005858.000000,,
BATTERY,2,93.844452,38009091.000000,,
BATTERY,2,93.844452,38009091.000000,,
BATTERY,2,93.844086,38011364.000000,,
BATTERY,2,93.844086,38011364.000000,,
BATTERY,2,93.684594,39001312.000000,,
BATTERY,2,93.684594,39001312.000000,,
BATTERY,2,93.684383,39002625.000000,,
BATTERY,2,93.684383,39002625.000000,,
BATTERY,2,93.684171,39003938.000000,,
BATTERY,2,93.684171,39003938.000000,,
BATTERY,2,93.683960,39005251.000000,,
BATTERY,2,93.683960,39005251.000000,,
BATTERY,2,93.683702,39006851.000000,,
BATTERY,2,93.683702,39006851.000000,,
BATTERY,2,93.683681,39006980.000000,,
BATTERY,2,93.683128,39008165.000000,,
BATTERY,2,93.683025,39008805.000000,,
BATTERY,2,93.682518,39009797.000000,,
BATTERY,2,93.522882,40000640.000000,,
BATTERY,2,93.522375,40001632.000000,,
BATTERY,2,93.522164,40002945.000000,,
BATTERY,2,93.522164,40002945.000000,,
BATTERY,2,93.521906,40004545.000000,,
BATTERY,2,93.521906,40004545.000000,,
BATTERY,2,93.521694,40005858.000000,,
BATTERY,2,93.521694,40005858.000000,,
BATTERY,2,93.521483,40007171.000000,,
BATTERY,2,93.521483,40007171.000000,,
BATTERY,2,93.521410,40007620.000000,,
BATTERY,2,93.520857,40008805.000000,,
BATTERY,2,93.520600,40010404.000000,,
BATTERY,2,93.520600,40010404.000000,,
BATTERY,2,93.361113,41000320.000000,,
BATTERY,2,93.360606,41001312.000000,,
BATTERY,2,93.360395,41002625.000000,,
BATTERY,2,93.360395,41002625.000000,,
BATTERY,2,93.360374,41002754.000000,,
BATTERY,2,93.359821,41003939.000000,,
BATTERY,2,93.359460,41006178.000000,,
BATTERY,2,93.359460,41006178.000000,,
BATTERY,2,93.359197,41007811.000000,,
BATTERY,2,93.359197,41007811.000000,,
BATTERY,2,93.199272,42000448.000000,,
BATTERY,2,93.198719,42001633.000000,,
BATTERY,2,93.198508,42002945.000000,,
BATTERY,2,93.198508,42002945.000000,,
BATTERY,2,93.198296,42004258.000000,,
BATTERY,2,93.198296,42004258.000000,,
BATTERY,2,93.198193,42004899.000000,,
BATTERY,2,93.197686,42005891.000000,,
BATTERY,2,93.037473,43000320.000000,,
BATTERY,2,93.036966,43001312.000000,,
BATTERY,2,93.036754,43002625.000000,,
BATTERY,2,93.036754,43002625.000000,,
BATTERY,2,93.036733,43002754.000000,,
BATTERY,2,93.036180,43003939.000000,,
BATTERY,2,93.035917,43005571.000000,,
BATTERY,2,93.035917,43005571.000000,,
BATTERY,2,93.035654,43007204.000000,,
BATTERY,2,93.035654,43007204.000000,,
BATTERY,2,93.035396,43008804.000000,,
BATTERY,2,93.035396,43008804.000000,,
BATTERY,2,93.034876,43012037.000000,,
BATTERY,2,93.034876,43012037.000000,,
BATTERY,2,92.875632,44000448.000000,,
BATTERY,2,92.875079,44001633.000000,,
BATTERY,2,92.874867,44002945.000000,,
BATTERY,2,92.874867,44002945.000000,,
BATTERY,2,92.874656,44004258.000000,,
BATTERY,2,92.874656,44004258.000000,,
BATTERY,2,92.874393,44005891.000000,,
BATTERY,2,92.874393,44005891.000000,,
BATTERY,2,92.874135,44007491.000000,,
BATTERY,2,92.874135,44007491.000000,,
BATTERY,2,92.873918,44008837.000000,,
BATTERY,2,92.873918,44008837.000000,,
BATTERY,2,92.714179,45000320.000000,,
BATTERY,2,92.713672,45001312.000000,,
BATTERY,2,92.713414,45002912.000000,,
BATTERY,2,92.713414,45002912.000000,,
BATTERY,2,92.713203,45004225.000000,,
BATTERY,2,92.713203,45004225.000000,,
BATTERY,2,92.712991,45005538.000000,,
BATTERY,2,92.712991,45005538.000000,,
BATTERY,2,92.712733,45007138.000000,,
BATTERY,2,92.712733,45007138.000000,,
BATTERY,2,92.712713,45007267.000000,,
BATTERY,2,92.712160,45008452.000000,,
BATTERY,2,92.711902,45010051.000000,,
BATTERY,2,92.711902,45010051.000000,,
BATTERY,2,92.552199,46001312.000000,,
BATTERY,2,92.552199,46001312.000000,,
BATTERY,2,92.551936,46002945.000000,,
BATTERY,2,92.551936,46002945.000000,,
BATTERY,2,92.551869,46003361.000000,,
BATTERY,2,92.551316,46004546.000000,,
BATTERY,2,92.551213,46005186.000000,,
BATTERY,2,92.550706,46006178.000000,,
BATTERY,2,92.550288,46008771.000000,,
BATTERY,2,92.550288,46008771.000000,,
BATTERY,2,92.390275,47001952.000000,,
BATTERY,2,92.390275,47001952.000000,,
BATTERY,2,92.390012,47003585.000000,,
BATTERY,2,92.390012,47003585.000000,,
BATTERY,2,92.389801,47004898.000000,,
BATTERY,2,92.389801,47004898.000000,,
BATTERY,2,92.389589,47006211.000000,,
BATTERY,2,92.389589,47006211.000000,,
BATTERY,2,92.389537,47006532.000000,,
BATTERY,2,92.389030,47007524.000000,,
BATTERY,2,92.388700,47009573.000000,,
BATTERY,2,92.388147,47010758.000000,,
BATTERY,2,92.228558,48001312.000000,,
BATTERY,2,92.228558,48001312.000000,,
BATTERY,2,92.228300,48002912.000000,,
BATTERY,2,92.228300,48002912.000000,,
BATTERY,2,92.228089,48004225.000000,,
BATTERY,2,92.228089,48004225.000000,,
BATTERY,2,92.227970,48004961.000000,,
BATTERY,2,92.227417,48006146.000000,,
BATTERY,2,92.227056,48008386.000000,,
BATTERY,2,92.226549,48009378.000000,,
BATTERY,2,92.226338,48010691.000000,,
BATTERY,2,92.226338,48010691.000000,,
BATTERY,2,92.066877,49000448.000000,,
BATTERY,2,92.066324,49001633.000000,,
BATTERY,2,92.066009,49003585.000000,,
BATTERY,2,92.066009,49003585.000000,,
BATTERY,2,92.065746,49005218.000000,,
BATTERY,2,92.065746,49005218.000000,,
BATTERY,2,92.065535,49006531.000000,,
BATTERY,2,92.065535,49006531.000000,,
BATTERY,2,92.065328,49007812.000000,,
BATTERY,2,92.064821,49008804.000000,,
BATTERY,2,92.064507,49010757.000000,,
BATTERY,2,92.064507,49010757.000000,,
BATTERY,2,91.904917,50001312.000000,,
BATTERY,2,91.904917,50001312.000000,,
BATTERY,2,91.904896,50001441.000000,,
BATTERY,2,91.904343,50002626.000000,,
BATTERY,2,91.904034,50004545.000000,,
BATTERY,2,91.904034,50004545.000000,,
BATTERY,2,91.903823,50005858.000000,,
BATTERY,2,91.903823,50005858.000000,,
BATTERY,2,91.903725,50006466.000000,,
BATTERY,2,91.903218,50007458.000000,,
BATTERY,2,91.902898,50009444.000000,,
BATTERY,2,91.902898,50009444.000000,,
BATTERY,2,91.902686,50010757.000000,,
BATTERY,2,91.902686,50010757.000000,,
BATTERY,2,91.742994,51001952.000000,,
BATTERY,2,91.742994,51001952.000000,,
BATTERY,2,91.742942,51002273.000000,,
BATTERY,2,91.742435,51003265.000000,,
BATTERY,2,91.742363,51003714.000000,,
BATTERY,2,91.741810,51004899.000000,,
BATTERY,2,91.741598,51006211.000000,,
BATTERY,2,91.741598,51006211.000000,,
BATTERY,2,91.741289,51008131.000000,,
BATTERY,2,91.741289,51008131.000000,,
BATTERY,2,91.740871,51010724.000000,,
BATTERY,2,91.740871,51010724.000000,,
BATTERY,2,91.581436,52000320.000000,,
BATTERY,2,91.580929,52001312.000000,,
BATTERY,2,91.580908,52001441.000000,,
BATTERY,2,91.580355,52002626.000000,,
BATTERY,2,91.580093,52004258.000000,,
BATTERY,2,91.580093,52004258.000000,,
BATTERY,2,91.579829,52005891.000000,,
BATTERY,2,91.579829,52005891.000000,,
BATTERY,2,91.579618,52007204.000000,,
BATTERY,2,91.579618,52007204.000000,,
BATTERY,2,91.579257,52009444.000000,,
BATTERY,2,91.579257,52009444.000000,,
BATTERY,2,91.419456,53001312.000000,,
BATTERY,2,91.419456,53001312.000000,,
BATTERY,2,91.419198,53002912.000000,,
BATTERY,2,91.419198,53002912.000000,,
BATTERY,2,91.419121,53003394.000000,,
BATTERY,2,91.418568,53004579.000000,,
BATTERY,2,91.418356,53005891.000000,,
BATTERY,2,91.418356,53005891.000000,,
BATTERY,2,91.418150,53007172.000000,,
BATTERY,2,91.417643,53008164.000000,,
BATTERY,2,91.417277,53010437.000000,,
BATTERY,2,91.417277,53010437.000000,,
BATTERY,2,91.257584,54001632.000000,,
BATTERY,2,91.257584,54001632.000000,,
BATTERY,2,91.257373,54002945.000000,,
BATTERY,2,91.257373,54002945.000000,,
BATTERY,2,91.257161,54004258.000000,,
BATTERY,2,91.257161,54004258.000000,,
BATTERY,2,91.257140,54004387.000000,,
BATTERY,2,91.256587,54005572.000000,,
BATTERY,2,91.256536,54005892.000000,,
BATTERY,2,91.256029,54006884.000000,,
BATTERY,2,91.095815,55001312.000000,,
BATTERY,2,91.095815,55001312.000000,,
BATTERY,2,91.095764,55001633.000000,,
BATTERY,2,91.095257,55002625.000000,,
BATTERY,2,91.094999,55004225.000000,,
BATTERY,2,91.094999,55004225.000000,,
BATTERY,2,91.094782,55005571.000000,,
BATTERY,2,91.094782,55005571.000000,,
BATTERY,2,91.094715,55005987.000000,,
BATTERY,2,91.094162,55007172.000000,,
BATTERY,2,90.934186,56000128.000000,,
BATTERY,2,90.933633,56001313.000000,,
BATTERY,2,90.933421,56002625.000000,,
BATTERY,2,90.933421,56002625.000000,,
BATTERY,2,90.933210,56003938.000000,,
BATTERY,2,90.933210,56003938.000000,,
BATTERY,2,90.933106,56004579.000000,,
BATTERY,2,90.932599,56005571.000000,,
BATTERY,2,90.932342,56007171.000000,,
BATTERY,2,90.932342,56007171.000000,,
BATTERY,2,90.931769,56010724.000000,,
BATTERY,2,90.931769,56010724.000000,,
BATTERY,2,90.772123,57001632.000000,,
BATTERY,2,90.772123,57001632.000000,,
BATTERY,2,90.771911,57002945.000000,,
BATTERY,2,90.771911,57002945.000000,,
BATTERY,2,90.771793,57003681.000000,,
BATTERY,2,90.771240,57004866.000000,,
BATTERY,2,90.771028,57006178.000000,,
BATTERY,2,90.771028,57006178.000000,,
BATTERY,2,90.770765,57007811.000000,,
BATTERY,2,90.770765,57007811.000000,,
BATTERY,2,90.770451,57009764.000000,,
BATTERY,2,90.770451,57009764.000000,,
BATTERY,2,90.610810,58000640.000000,,
BATTERY,2,90.610303,58001632.000000,,
BATTERY,2,90.610091,58002945.000000,,
BATTERY,2,90.610091,58002945.000000,,
BATTERY,2,90.609879,58004258.000000,,
BATTERY,2,90.609879,58004258.000000,,
BATTERY,2,90.609807,58004707.000000,,
BATTERY,2,90.609254,58005892.000000,,
BATTERY,2,90.608996,58007491.000000,,
BATTERY,2,90.608996,58007491.000000,,
BATTERY,2,90.608682,58009444.000000,,
BATTERY,2,90.608682,58009444.000000,,
BATTERY,2,90.608161,58012677.000000,,
BATTERY,2,90.608161,58012677.000000,,
BATTERY,2,90.448881,59001312.000000,,
BATTERY,2,90.448881,59001312.000000,,
BATTERY,2,90.448669,59002625.000000,,
BATTERY,2,90.448669,59002625.000000,,
BATTERY,2,90.448458,59003938.000000,,
BATTERY,2,90.448458,59003938.000000,,
BATTERY,2,90.448195,59005571.000000,,
BATTERY,2,90.448195,59005571.000000,,
BATTERY,2,90.448091,59006212.000000,,
BATTERY,2,90.447584,59007204.000000,,
BATTERY,2,90.447466,59007940.000000,,
BATTERY,2,90.446913,59009125.000000,,
BATTERY,2,90.446392,59012357.000000,,
BATTERY,2,90.446392,59012357.000000,,
BATTERY,2,90.287060,60001312.000000,,
BATTERY,2,90.287060,60001312.000000,,
BATTERY,2,90.286849,60002625.000000,,
BATTERY,2,90.286849,60002625.000000,,
BATTERY,2,90.286828,60002754.000000,,
BATTERY,2,90.286275,60003939.000000,,
BATTERY,2,90.286177,60004546.000000,,
BATTERY,2,90.285670,60005538.000000,,
BATTERY,2,90.285356,60007491.000000,,
BATTERY,2,90.285356,60007491.000000,,
BATTERY,2,90.284938,60010084.000000,,
BATTERY,2,90.284938,60010084.000000,,
BATTERY,2,90.125240,61001312.000000,,
BATTERY,2,90.125240,61001312.000000,,
BATTERY,2,90.125173,61001728.000000,,
BATTERY,2,90.124620,61002913.000000,,
BATTERY,2,90.124357,61004545.000000,,
BATTERY,2,90.124357,61004545.000000,,
BATTERY,2,90.124146,61005858.000000,,
BATTERY,2,90.124146,61005858.000000,,
BATTERY,2,90.123888,61007458.000000,,
BATTERY,2,90.123888,61007458.000000,,
BATTERY,2,90.123785,61008099.000000,,
BATTERY,2,90.123278,61009091.000000,,
BATTERY,2,89.963420,62001312.000000,,
BATTERY,2,89.963420,62001312.000000,,
BATTERY,2,89.963105,62003265.000000,,
BATTERY,2,89.963105,62003265.000000,,
BATTERY,2,89.963053,62003586.000000,,
BATTERY,2,89.962546,62004578.000000,,
BATTERY,2,89.962335,62005891.000000,,
BATTERY,2,89.962335,62005891.000000,,
BATTERY,2,89.962025,62007811.000000,,
BATTERY,2,89.962025,62007811.000000,,
BATTERY,2,89.962005,62007940.000000,,
BATTERY,2,89.961452,62009125.000000,,
BATTERY,2,89.961091,62011364.000000,,
BATTERY,2,89.961091,62011364.000000,,
BATTERY,2,89.960622,62014277.000000,,
BATTERY,2,89.960622,62014277.000000,,
BATTERY,2,89.801599,63001312.000000,,
BATTERY,2,89.801599,63001312.000000,,
BATTERY,2,89.801532,63001728.000000,,
BATTERY,2,89.800979,63002913.000000,,
BATTERY,2,89.800763,63004258.000000,,
BATTERY,2,89.800763,63004258.000000,,
BATTERY,2,89.800453,63006178.000000,,
BATTERY,2,89.800453,63006178.000000,,
BATTERY,2,89.800190,63007811.000000,,
BATTERY,2,89.800190,63007811.000000,,
BATTERY,2,89.800087,63008452.000000,,
BATTERY,2,89.799580,63009444.000000,,
BATTERY,2,89.639779,64001312.000000,,
BATTERY,2,89.639779,64001312.000000,,
BATTERY,2,89.639660,64002048.000000,,
BATTERY,2,89.639107,64003233.000000,,
BATTERY,2,89.638891,64004578.000000,,
BATTERY,2,89.638891,64004578.000000,,
BATTERY,2,89.638421,64007491.000000,,
BATTERY,2,89.638421,64007491.000000,,
BATTERY,2,89.638318,64008132.000000,,
BATTERY,2,89.637811,64009124.000000,,
BATTERY,2,89.637502,64011044.000000,,
BATTERY,2,89.637502,64011044.000000,,
BATTERY,2,89.477959,65001312.000000,,
BATTERY,2,89.477959,65001312.000000,,
BATTERY,2,89.477938,65001441.000000,,
BATTERY,2,89.477385,65002626.000000,,
BATTERY,2,89.477024,65004865.000000,,
BATTERY,2,89.477024,65004865.000000,,
BATTERY,2,89.476555,65007778.000000,,
BATTERY,2,89.476555,65007778.000000,,
BATTERY,2,89.476194,65010019.000000,,
BATTERY,2,89.475687,65011011.000000,,
BATTERY,2,89.316123,66001408.000000,,
BATTERY,2,89.315570,66002593.000000,,
BATTERY,2,89.315358,66003905.000000,,
BATTERY,2,89.315358,66003905.000000,,
BATTERY,2,89.315147,66005218.000000,,
BATTERY,2,89.315147,66005218.000000,,
BATTERY,2,89.314889,66006818.000000,,
BATTERY,2,89.314889,66006818.000000,,
BATTERY,2,89.314729,66007812.000000,,
BATTERY,2,89.314222,66008804.000000,,
BATTERY,2,89.313804,66011397.000000,,
BATTERY,2,89.313804,66011397.000000,,
BATTERY,2,89.154266,67001632.000000,,
BATTERY,2,89.154266,67001632.000000,,
BATTERY,2,89.154214,67001953.000000,,
BATTERY,2,89.153707,67002945.000000,,
BATTERY,2,89.153393,67004898.000000,,
BATTERY,2,89.153393,67004898.000000,,
BATTERY,2,89.153326,67005314.000000,,
BATTERY,2,89.152773,67006499.000000,,
BATTERY,2,89.152510,67008131.000000,,
BATTERY,2,89.152510,67008131.000000,,
BATTERY,2,89.151989,67011364.000000,,
BATTERY,2,89.151989,67011364.000000,,
BATTERY,2,88.992657,68000320.000000,,
BATTERY,2,88.992150,68001312.000000,,
BATTERY,2,88.991939,68002625.000000,,
BATTERY,2,88.991939,68002625.000000,,
BATTERY,2,88.991727,68003938.000000,,
BATTERY,2,88.991727,68003938.000000,,
BATTERY,2,88.991469,68005538.000000,,
BATTERY,2,88.991469,68005538.000000,,
BATTERY,2,88.991448,68005667.000000,,
BATTERY,2,88.990895,68006852.000000,,
BATTERY,2,88.990323,68010404.000000,,
BATTERY,2,88.990323,68010404.000000,,
BATTERY,2,88.830677,69001312.000000,,
BATTERY,2,88.830677,69001312.000000,,
BATTERY,2,88.830368,69003232.000000,,
BATTERY,2,88.830368,69003232.000000,,
BATTERY,2,88.830104,69004865.000000,,
BATTERY,2,88.830104,69004865.000000,,
BATTERY,2,88.829950,69005826.000000,,
BATTERY,2,88.829443,69006818.000000,,
BATTERY,2,88.829185,69008418.000000,,
BATTERY,2,88.829185,69008418.000000,,
BATTERY,2,88.829113,69008867.000000,,
BATTERY,2,88.828560,69010052.000000,,
BATTERY,2,88.668805,70001632.000000,,
BATTERY,2,88.668805,70001632.000000,,
BATTERY,2,88.668593,70002945.000000,,
BATTERY,2,88.668593,70002945.000000,,
BATTERY,2,88.668542,70003266.000000,,
BATTERY,2,88.668035,70004258.000000,,
BATTERY,2,88.667668,70006531.000000,,
BATTERY,2,88.667668,70006531.000000,,
BATTERY,2,88.667493,70007620.000000,,
BATTERY,2,88.666940,70008805.000000,,
BATTERY,2,88.666677,70010437.000000,,
BATTERY,2,88.666677,70010437.000000,,
BATTERY,2,88.666419,70012037.000000,,
BATTERY,2,88.666419,70012037.000000,,
BATTERY,2,88.507036,71001312.000000,,
BATTERY,2,88.507036,71001312.000000,,
BATTERY,2,88.506912,71002081.000000,,
BATTERY,2,88.506359,71003266.000000,,
BATTERY,2,88.506148,71004578.000000,,
BATTERY,2,88.506148,71004578.000000,,
BATTERY,2,88.505936,71005891.000000,,
BATTERY,2,88.505936,71005891.000000,,
BATTERY,2,88.505673,71007524.000000,,
BATTERY,2,88.505673,71007524.000000,,
BATTERY,2,88.505622,71007845.000000,,
BATTERY,2,88.505114,71008837.000000,,
BATTERY,2,88.504542,71012390.000000,,
BATTERY,2,88.504542,71012390.000000,,
BATTERY,2,88.345216,72001312.000000,,
BATTERY,2,88.345216,72001312.000000,,
BATTERY,2,88.345004,72002625.000000,,
BATTERY,2,88.345004,72002625.000000,,
BATTERY,2,88.344983,72002754.000000,,
BATTERY,2,88.344430,72003939.000000,,
BATTERY,2,88.344121,72005858.000000,,
BATTERY,2,88.344121,72005858.000000,,
BATTERY,2,88.343755,72008132.000000,,
BATTERY,2,88.343248,72009124.000000,,
BATTERY,2,88.183504,73000640.000000,,
BATTERY,2,88.182997,73001632.000000,,
BATTERY,2,88.182785,73002945.000000,,
BATTERY,2,88.182785,73002945.000000,,
BATTERY,2,88.182470,73004898.000000,,
BATTERY,2,88.182470,73004898.000000,,
BATTERY,2,88.182450,73005027.000000,,
BATTERY,2,88.181897,73006212.000000,,
BATTERY,2,88.021523,74001632.000000,,
BATTERY,2,88.021523,74001632.000000,,
BATTERY,2,88.021260,74003265.000000,,
BATTERY,2,88.021260,74003265.000000,,
BATTERY,2,88.021193,74003681.000000,,
BATTERY,2,88.020640,74004866.000000,,
BATTERY,2,88.020537,74005506.000000,,
BATTERY,2,88.020030,74006498.000000,,
BATTERY,2,87.859863,75000640.000000,,
BATTERY,2,87.859356,75001632.000000,,
BATTERY,2,87.859144,75002945.000000,,
BATTERY,2,87.859144,75002945.000000,,
BATTERY,2,87.858933,75004258.000000,,
BATTERY,2,87.858933,75004258.000000,,
BATTERY,2,87.858670,75005891.000000,,
BATTERY,2,87.858670,75005891.000000,,
BATTERY,2,87.858391,75007620.000000,,
BATTERY,2,87.857838,75008805.000000,,
BATTERY,2,87.857524,75010757.000000,,
BATTERY,2,87.857524,75010757.000000,,
BATTERY,2,87.697934,76001312.000000,,
BATTERY,2,87.697934,76001312.000000,,
BATTERY,2,87.697723,76002625.000000,,
BATTERY,2,87.697723,76002625.000000,,
BATTERY,2,87.697702,76002754.000000,,
BATTERY,2,87.697149,76003939.000000,,
BATTERY,2,87.696886,76005571.000000,,
BATTERY,2,87.696886,76005571.000000,,
BATTERY,2,87.696834,76005892.000000,,
BATTERY,2,87.696327,76006884.000000,,
BATTERY,2,87.696064,76008517.000000,,
BATTERY,2,87.696064,76008517.000000,,
BATTERY,2,87.536062,77001632.000000,,
BATTERY,2,87.536062,77001632.000000,,
BATTERY,2,87.535851,77002945.000000,,
BATTERY,2,87.535851,77002945.000000,,
BATTERY,2,87.535778,77003394.000000,,
BATTERY,2,87.535225,77004579.000000,,
BATTERY,2,87.535128,77005186.000000,,
BATTERY,2,87.534621,77006178.000000,,
BATTERY,2,87.534151,77009091.000000,,
BATTERY,2,87.534151,77009091.000000,,
BATTERY,2,87.374484,78000128.000000,,
BATTERY,2,87.373931,78001313.000000,,
BATTERY,2,87.373720,78002625.000000,,
BATTERY,2,87.373720,78002625.000000,,
BATTERY,2,87.373519,78003873.000000,,
BATTERY,2,87.373012,78004865.000000,,
BATTERY,2,87.372640,78007171.000000,,
BATTERY,2,87.372640,78007171.000000,,
BATTERY,2,87.372325,78009124.000000,,
BATTERY,2,87.372325,78009124.000000,,
BATTERY,2,87.372114,78010437.000000,,
BATTERY,2,87.372114,78010437.000000,,
BATTERY,2,87.212664,79000128.000000,,
BATTERY,2,87.212111,79001313.000000,,
BATTERY,2,87.211899,79002625.000000,,
BATTERY,2,87.211899,79002625.000000,,
BATTERY,2,87.211688,79003938.000000,,
BATTERY,2,87.211688,79003938.000000,,
BATTERY,2,87.211585,79004579.000000,,
BATTERY,2,87.211078,79005571.000000,,
BATTERY,2,87.210763,79007524.000000,,
BATTERY,2,87.210763,79007524.000000,,
BATTERY,2,87.210448,79009477.000000,,
BATTERY,2,87.210448,79009477.000000,,
BATTERY,2,87.050601,80001632.000000,,
BATTERY,2,87.050601,80001632.000000,,
BATTERY,2,87.050549,80001953.000000,,
BATTERY,2,87.050042,80002945.000000,,
BATTERY,2,87.049728,80004898.000000,,
BATTERY,2,87.049728,80004898.000000,,
BATTERY,2,87.049604,80005667.000000,,
BATTERY,2,87.049051,80006852.000000,,
BATTERY,2,87.048736,80008804.000000,,
BATTERY,2,87.048736,80008804.000000,,
BATTERY,2,87.048422,80010757.000000,,
BATTERY,2,87.048422,80010757.000000,,
BATTERY,2,87.047901,80013990.000000,,
BATTERY,2,87.047901,80013990.000000,,
BATTERY,2,86.888832,81001312.000000,,
BATTERY,2,86.888832,81001312.000000,,
BATTERY,2,86.888780,81001633.000000,,
BATTERY,2,86.888273,81002625.000000,,
BATTERY,2,86.888062,81003938.000000,,
BATTERY,2,86.888062,81003938.000000,,
BATTERY,2,86.888041,81004067.000000,,
BATTERY,2,86.887488,81005252.000000,,
BATTERY,2,86.887179,81007171.000000,,
BATTERY,2,86.887179,81007171.000000,,
BATTERY,2,86.886962,81008517.000000,,
BATTERY,2,86.886962,81008517.000000,,
BATTERY,2,86.726960,82001632.000000,,
BATTERY,2,86.726960,82001632.000000,,
BATTERY,2,86.726862,82002240.000000,,
BATTERY,2,86.726355,82003232.000000,,
BATTERY,2,86.726226,82004034.000000,,
BATTERY,2,86.725673,82005219.000000,,
BATTERY,2,86.725307,82007491.000000,,
BATTERY,2,86.725307,82007491.000000,,
BATTERY,2,86.724735,82011044.000000,,
BATTERY,2,86.724735,82011044.000000,,
BATTERY,2,86.565351,83000320.000000,,
BATTERY,2,86.564844,83001312.000000,,
BATTERY,2,86.564586,83002912.000000,,
BATTERY,2,86.564586,83002912.000000,,
BATTERY,2,86.564370,83004258.000000,,
BATTERY,2,86.564370,83004258.000000,,
BATTERY,2,86.564106,83005891.000000,,
BATTERY,2,86.564106,83005891.000000,,
BATTERY,2,86.564034,83006340.000000,,
BATTERY,2,86.563481,83007525.000000,,
BATTERY,2,86.563115,83009797.000000,,
BATTERY,2,86.563115,83009797.000000,,
BATTERY,2,86.403371,84001312.000000,,
BATTERY,2,86.403371,84001312.000000,,
BATTERY,2,86.403273,84001920.000000,,
BATTERY,2,86.402766,84002912.000000,,
BATTERY,2,86.402503,84004545.000000,,
BATTERY,2,86.402503,84004545.000000,,
BATTERY,2,86.402168,84006627.000000,,
BATTERY,2,86.401615,84007812.000000,,
BATTERY,2,86.241607,85000960.000000,,
BATTERY,2,86.241100,85001952.000000,,
BATTERY,2,86.240889,85003265.000000,,
BATTERY,2,86.240889,85003265.000000,,
BATTERY,2,86.240626,85004898.000000,,
BATTERY,2,86.240626,85004898.000000,,
BATTERY,2,86.240414,85006211.000000,,
BATTERY,2,86.240414,85006211.000000,,
BATTERY,2,86.240393,85006340.000000,,
BATTERY,2,86.239840,85007525.000000,,
BATTERY,2,86.239320,85010757.000000,,
BATTERY,2,86.239320,85010757.000000,,
BATTERY,2,86.079890,86000320.000000,,
BATTERY,2,86.079383,86001312.000000,,
BATTERY,2,86.079171,86002625.000000,,
BATTERY,2,86.079171,86002625.000000,,
BATTERY,2,86.079099,86003074.000000,,
BATTERY,2,86.078546,86004259.000000,,
BATTERY,2,86.078180,86006531.000000,,
BATTERY,2,86.078180,86006531.000000,,
BATTERY,2,86.077762,86009124.000000,,
BATTERY,2,86.077762,86009124.000000,,
BATTERY,2,85.917807,87001952.000000,,
BATTERY,2,85.917807,87001952.000000,,
BATTERY,2,85.917786,87002081.000000,,
BATTERY,2,85.917233,87003266.000000,,
BATTERY,2,85.917078,87004226.000000,,
BATTERY,2,85.916571,87005218.000000,,
BATTERY,2,85.916257,87007171.000000,,
BATTERY,2,85.916257,87007171.000000,,
BATTERY,2,85.756038,88001632.000000,,
BATTERY,2,85.756038,88001632.000000,,
BATTERY,2,85.755780,88003232.000000,,
BATTERY,2,85.755780,88003232.000000,,
BATTERY,2,85.755677,88003873.000000,,
BATTERY,2,85.755170,88004865.000000,,
BATTERY,2,85.754907,88006498.000000,,
BATTERY,2,85.754907,88006498.000000,,
BATTERY,2,85.754592,88008451.000000,,
BATTERY,2,85.754592,88008451.000000,,
BATTERY,2,85.754520,88008900.000000,,
BATTERY,2,85.753967,88010085.000000,,
BATTERY,2,85.594269,89001312.000000,,
BATTERY,2,85.594269,89001312.000000,,
BATTERY,2,85.594057,89002625.000000,,
BATTERY,2,85.594057,89002625.000000,,
BATTERY,2,85.593846,89003938.000000,,
BATTERY,2,85.593846,89003938.000000,,
BATTERY,2,85.593634,89005251.000000,,
BATTERY,2,85.593634,89005251.000000,,
BATTERY,2,85.593423,89006564.000000,,
BATTERY,2,85.593423,89006564.000000,,
BATTERY,2,85.593356,89006980.000000,,
BATTERY,2,85.592803,89008165.000000,,
BATTERY,2,85.592390,89010725.000000,,
BATTERY,2,85.591883,89011717.000000,,
BATTERY,2,85.432639,90000128.000000,,
BATTERY,2,85.432086,90001313.000000,,
BATTERY,2,85.431989,90001920.000000,,
BATTERY,2,85.431482,90002912.000000,,
BATTERY,2,85.431110,90005218.000000,,
BATTERY,2,85.431110,90005218.000000,,
BATTERY,2,85.430899,90006531.000000,,
BATTERY,2,85.430899,90006531.000000,,
BATTERY,2,85.270819,91000128.000000,,
BATTERY,2,85.270266,91001313.000000,,
BATTERY,2,85.270055,91002625.000000,,
BATTERY,2,85.270055,91002625.000000,,
BATTERY,2,85.269843,91003938.000000,,
BATTERY,2,85.269843,91003938.000000,,
BATTERY,2,85.269585,91005538.000000,,
BATTERY,2,85.269585,91005538.000000,,
BATTERY,2,85.269374,91006851.000000,,
BATTERY,2,85.269374,91006851.000000,,
BATTERY,2,85.269276,91007459.000000,,
BATTERY,2,85.268769,91008451.000000,,
BATTERY,2,85.108808,92001312.000000,,
BATTERY,2,85.108808,92001312.000000,,
BATTERY,2,85.108787,92001441.000000,,
BATTERY,2,85.108234,92002626.000000,,
BATTERY,2,85.108023,92003938.000000,,
BATTERY,2,85.108023,92003938.000000,,
BATTERY,2,85.107919,92004579.000000,,
BATTERY,2,85.107412,92005571.000000,,
BATTERY,2,85.107103,92007491.000000,,
BATTERY,2,85.107103,92007491.000000,,
BATTERY,2,85.106886,92008837.000000,,
BATTERY,2,85.106886,92008837.000000,,
BATTERY,2,85.106520,92011110.000000,,
BATTERY,2,85.106520,92011110.000000,,
BATTERY,2,84.947178,93000128.000000,,
BATTERY,2,84.946625,93001313.000000,,
BATTERY,2,84.946574,93001633.000000,,
BATTERY,2,84.946067,93002625.000000,,
BATTERY,2,84.945752,93004578.000000,,
BATTERY,2,84.945752,93004578.000000,,
BATTERY,2,84.945540,93005891.000000,,
BATTERY,2,84.945540,93005891.000000,,
BATTERY,2,84.945283,93007491.000000,,
BATTERY,2,84.945283,93007491.000000,,
BATTERY,2,84.944710,93011044.000000,,
BATTERY,2,84.944710,93011044.000000,,
BATTERY,2,84.785167,94001312.000000,,
BATTERY,2,84.785167,94001312.000000,,
BATTERY,2,84.785095,94001761.000000,,
BATTERY,2,84.784542,94002946.000000,,
BATTERY,2,84.784490,94003266.000000,,
BATTERY,2,84.783983,94004258.000000,,
BATTERY,2,84.783772,94005571.000000,,
BATTERY,2,84.783772,94005571.000000,,
BATTERY,2,84.783514,94007171.000000,,
BATTERY,2,84.783514,94007171.000000,,
BATTERY,2,84.783251,94008804.000000,,
BATTERY,2,84.783251,94008804.000000,,
BATTERY,2,84.782833,94011397.000000,,
BATTERY,2,84.782833,94011397.000000,,
BATTERY,2,84.623244,95001952.000000,,
BATTERY,2,84.623244,95001952.000000,,
BATTERY,2,84.623032,95003265.000000,,
BATTERY,2,84.623032,95003265.000000,,
BATTERY,2,84.622774,95004865.000000,,
BATTERY,2,84.622774,95004865.000000,,
BATTERY,2,84.622748,95005027.000000,,
BATTERY,2,84.622195,95006212.000000,,
BATTERY,2,84.621886,95008131.000000,,
BATTERY,2,84.621886,95008131.000000,,
BATTERY,2,84.621783,95008772.000000,,
BATTERY,2,84.621276,95009764.000000,,
BATTERY,2,84.461717,96000128.000000,,
BATTERY,2,84.461164,96001313.000000,,
BATTERY,2,84.461066,96001920.000000,,
BATTERY,2,84.460559,96002912.000000,,
BATTERY,2,84.460342,96004258.000000,,
BATTERY,2,84.460342,96004258.000000,,
BATTERY,2,84.460079,96005891.000000,,
BATTERY,2,84.460079,96005891.000000,,
BATTERY,2,84.459765,96007844.000000,,
BATTERY,2,84.459765,96007844.000000,,
BATTERY,2,84.299711,97001280.000000,,
BATTERY,2,84.299204,97002272.000000,,
BATTERY,2,84.298992,97003585.000000,,
BATTERY,2,84.298992,97003585.000000,,
BATTERY,2,84.298735,97005185.000000,,
BATTERY,2,84.298735,97005185.000000,,
BATTERY,2,84.298662,97005634.000000,,
BATTERY,2,84.298109,97006819.000000,,
BATTERY,2,84.297800,97008738.000000,,
BATTERY,2,84.297800,97008738.000000,,
BATTERY,2,84.137885,98001312.000000,,
BATTERY,2,84.137885,98001312.000000,,
BATTERY,2,84.137628,98002912.000000,,
BATTERY,2,84.137628,98002912.000000,,
BATTERY,2,84.137313,98004865.000000,,
BATTERY,2,84.137313,98004865.000000,,
BATTERY,2,84.137241,98005314.000000,,
BATTERY,2,84.136688,98006499.000000,,
BATTERY,2,84.136430,98008098.000000,,
BATTERY,2,84.136430,98008098.000000,,
BATTERY,2,84.136069,98010339.000000,,
BATTERY,2,84.135562,98011331.000000,,
BATTERY,2,83.976204,99000448.000000,,
BATTERY,2,83.975651,99001633.000000,,
BATTERY,2,83.975440,99002945.000000,,
BATTERY,2,83.975440,99002945.000000,,
BATTERY,2,83.975342,99003553.000000,,
BATTERY,2,83.974835,99004545.000000,,
BATTERY,2,83.974515,99006531.000000,,
BATTERY,2,83.974515,99006531.000000,,
BATTERY,2,83.974149,99008804.000000,,
BATTERY,2,83.974149,99008804.000000,,
BATTERY,2,83.970900,99028967.702420,,
