BATTERY,1,99.995847,25775.142420,,
BATTERY,1,99.994163,29071.142420,,
BATTERY,1,99.993956,30351.142420,,
BATTERY,1,99.992272,33647.142420,,
BATTERY,1,99.992220,33968.142420,,
BATTERY,1,99.990536,37264.142420,,
BATTERY,1,99.990484,37585.142420,,
BATTERY,1,99.988799,40881.142420,,
BATTERY,1,99.988727,41330.142420,,
BATTERY,1,99.987099,44819.142420,,
BATTERY,1,99.987047,45139.142420,,
BATTERY,1,99.985362,48435.142420,,
BATTERY,1,99.985311,48756.142420,,
BATTERY,1,99.983626,52052.142420,,
BATTERY,1,99.936149,346735.142420,,
BATTERY,1,99.934465,350031.142420,,
BATTERY,1,99.934362,350671.142420,,
BATTERY,1,99.932677,353967.142420,,
BATTERY,1,99.932574,354608.142420,,
BATTERY,1,99.930889,357904.142420,,
BATTERY,1,99.930714,358993.142420,,
BATTERY,1,99.929086,362482.142420,,
BATTERY,1,99.928982,363122.142420,,
BATTERY,1,99.927298,366418.142420,,
BATTERY,1,99.840092,907695.142420,,
BATTERY,1,99.838407,910991.142420,,
BATTERY,1,99.838304,911631.142420,,
BATTERY,1,99.836620,914927.142420,,
BATTERY,1,99.836568,915248.142420,,
BATTERY,1,99.834883,918544.142420,,
BATTERY,1,99.834832,918865.142420,,
BATTERY,1,99.833147,922161.142420,,
BATTERY,1,99.833075,922610.142420,,
BATTERY,1,99.831446,926099.142420,,
BATTERY,1,99.831292,927059.142420,,
BATTERY,1,99.829607,930355.142420,,
BATTERY,1,99.829504,930996.142420,,
BATTERY,1,99.827819,934292.142420,,
BATTERY,1,99.816924,1001920.000000,,
BATTERY,1,99.816417,1002912.000000,,
BATTERY,1,99.655672,2000640.000000,,
BATTERY,1,99.655165,2001632.000000,,
BATTERY,1,99.655098,2002048.000000,,
BATTERY,1,99.654545,2003233.000000,,
BATTERY,1,99.654493,2003553.000000,,
BATTERY,1,99.653986,2004545.000000,,
BATTERY,1,99.653785,2005793.000000,,
BATTERY,1,99.653278,2006785.000000,,
BATTERY,1,99.653118,2007779.000000,,
BATTERY,1,99.652611,2008771.000000,,
BATTERY,1,99.492861,3000320.000000,,
BATTERY,1,99.492354,3001312.000000,,
BATTERY,1,99.492256,3001920.000000,,
BATTERY,1,99.491749,3002912.000000,,
BATTERY,1,99.491672,3003394.000000,,
BATTERY,1,99.491119,3004579.000000,,
BATTERY,1,99.490969,3005506.000000,,
BATTERY,1,99.490462,3006498.000000,,
BATTERY,1,99.490050,3009059.000000,,
BATTERY,1,99.489543,3010051.000000,,
BATTERY,1,99.329948,4000640.000000,,
BATTERY,1,99.329441,4001632.000000,,
BATTERY,1,99.329374,4002048.000000,,
BATTERY,1,99.328821,4003233.000000,,
BATTERY,1,99.328769,4003553.000000,,
BATTERY,1,99.328262,4004545.000000,,
BATTERY,1,99.328164,4005153.000000,,
BATTERY,1,99.327657,4006145.000000,,
BATTERY,1,99.327600,4006499.000000,,
BATTERY,1,99.327093,4007491.000000,,
BATTERY,1,99.327041,4007812.000000,,
BATTERY,1,99.326534,4008804.000000,,
BATTERY,1,99.326173,4011045.000000,,
BATTERY,1,99.325666,4012037.000000,,
BATTERY,1,99.166391,5000640.000000,,
BATTERY,1,99.165884,5001632.000000,,
BATTERY,1,99.165786,5002240.000000,,
BATTERY,1,99.165279,5003232.000000,,
BATTERY,1,99.165228,5003553.000000,,
BATTERY,1,99.164720,5004545.000000,,
BATTERY,1,99.164653,5004961.000000,,
BATTERY,1,99.164100,5006146.000000,,
BATTERY,1,99.163997,5006786.000000,,
BATTERY,1,99.163490,5007778.000000,,
BATTERY,1,99.163284,5009059.000000,,
BATTERY,1,99.162777,5010051.000000,,
BATTERY,1,99.003265,6000128.000000,,
BATTERY,1,99.002712,6001313.000000,,
BATTERY,1,99.002660,6001633.000000,,
BATTERY,1,99.002153,6002625.000000,,
BATTERY,1,99.002055,6003233.000000,,
BATTERY,1,99.001548,6004225.000000,,
BATTERY,1,99.001445,6004866.000000,,
BATTERY,1,99.000938,6005858.000000,,
BATTERY,1,99.000886,6006179.000000,,
BATTERY,1,99.000379,6007171.000000,,
BATTERY,1,99.000121,6008772.000000,,
BATTERY,1,98.999614,6009764.000000,,
BATTERY,1,98.840055,7000128.000000,,
BATTERY,1,98.839502,7001313.000000,,
BATTERY,1,98.839451,7001633.000000,,
BATTERY,1,98.838944,7002625.000000,,
BATTERY,1,98.838846,7003233.000000,,
BATTERY,1,98.838339,7004225.000000,,
BATTERY,1,98.838184,7005186.000000,,
BATTERY,1,98.837677,7006178.000000,,
BATTERY,1,98.837419,7007779.000000,,
BATTERY,1,98.836912,7008771.000000,,
BATTERY,1,98.836860,7009092.000000,,
BATTERY,1,98.836353,7010084.000000,,
BATTERY,1,98.676795,8000448.000000,,
BATTERY,1,98.676242,8001633.000000,,
BATTERY,1,98.676190,8001953.000000,,
BATTERY,1,98.675683,8002945.000000,,
BATTERY,1,98.675425,8004546.000000,,
BATTERY,1,98.674918,8005538.000000,,
BATTERY,1,98.674763,8006499.000000,,
BATTERY,1,98.674256,8007491.000000,,
BATTERY,1,98.674153,8008132.000000,,
BATTERY,1,98.673646,8009124.000000,,
BATTERY,1,98.513953,9000320.000000,,
BATTERY,1,98.513446,9001312.000000,,
BATTERY,1,98.513348,9001920.000000,,
BATTERY,1,98.512841,9002912.000000,,
BATTERY,1,98.512784,9003266.000000,,
BATTERY,1,98.512277,9004258.000000,,
BATTERY,1,98.512159,9004994.000000,,
BATTERY,1,98.511606,9006179.000000,,
BATTERY,1,98.511399,9007459.000000,,
BATTERY,1,98.510892,9008451.000000,,
BATTERY,1,98.510531,9010692.000000,,
BATTERY,1,98.510024,9011684.000000,,
BATTERY,1,98.350538,10001600.000000,,
BATTERY,1,98.350031,10002592.000000,,
BATTERY,1,98.350010,10002721.000000,,
BATTERY,1,98.349457,10003906.000000,,
BATTERY,1,98.349359,10004513.000000,,
BATTERY,1,98.348852,10005505.000000,,
BATTERY,1,98.348697,10006466.000000,,
BATTERY,1,98.348190,10007458.000000,,
BATTERY,1,98.347984,10008739.000000,,
BATTERY,1,98.347477,10009731.000000,,
BATTERY,1,98.187913,11000128.000000,,
BATTERY,1,98.187360,11001313.000000,,
BATTERY,1,98.187257,11001953.000000,,
BATTERY,1,98.186750,11002945.000000,,
BATTERY,1,98.186652,11003553.000000,,
BATTERY,1,98.186145,11004545.000000,,
BATTERY,1,98.186093,11004866.000000,,
BATTERY,1,98.185586,11005858.000000,,
BATTERY,1,98.185483,11006499.000000,,
BATTERY,1,98.184976,11007491.000000,,
BATTERY,1,98.184924,11007812.000000,,
BATTERY,1,98.184417,11008804.000000,,
BATTERY,1,98.184365,11009125.000000,,
BATTERY,1,98.183858,11010117.000000,,
BATTERY,1,98.024326,12000320.000000,,
BATTERY,1,98.023819,12001312.000000,,
BATTERY,1,98.023715,12001953.000000,,
BATTERY,1,98.023208,12002945.000000,,
BATTERY,1,98.023157,12003266.000000,,
BATTERY,1,98.022650,12004258.000000,,
BATTERY,1,98.022552,12004866.000000,,
BATTERY,1,98.022045,12005858.000000,,
BATTERY,1,98.021663,12008227.000000,,
BATTERY,1,98.021110,12009412.000000,,
BATTERY,1,97.861464,13000320.000000,,
BATTERY,1,97.860957,13001312.000000,,
BATTERY,1,97.860884,13001761.000000,,
BATTERY,1,97.860331,13002946.000000,,
BATTERY,1,97.860233,13003553.000000,,
BATTERY,1,97.859726,13004545.000000,,
BATTERY,1,97.859618,13005219.000000,,
BATTERY,1,97.859111,13006211.000000,,
BATTERY,1,97.858961,13007139.000000,,
BATTERY,1,97.858454,13008131.000000,,
BATTERY,1,97.858093,13010372.000000,,
BATTERY,1,97.857586,13011364.000000,,
BATTERY,1,97.698254,14000320.000000,,
BATTERY,1,97.697747,14001312.000000,,
BATTERY,1,97.697727,14001441.000000,,
BATTERY,1,97.697174,14002626.000000,,
BATTERY,1,97.697071,14003266.000000,,
BATTERY,1,97.696564,14004258.000000,,
BATTERY,1,97.696414,14005186.000000,,
BATTERY,1,97.695907,14006178.000000,,
BATTERY,1,97.695855,14006499.000000,,
BATTERY,1,97.695348,14007491.000000,,
BATTERY,1,97.695250,14008099.000000,,
BATTERY,1,97.694743,14009091.000000,,
BATTERY,1,97.694331,14011652.000000,,
BATTERY,1,97.693824,14012644.000000,,
BATTERY,1,97.534595,15000960.000000,,
BATTERY,1,97.534088,15001952.000000,,
BATTERY,1,97.534036,15002273.000000,,
BATTERY,1,97.533529,15003265.000000,,
BATTERY,1,97.533426,15003906.000000,,
BATTERY,1,97.532919,15004898.000000,,
BATTERY,1,97.532867,15005219.000000,,
BATTERY,1,97.532360,15006211.000000,,
BATTERY,1,97.532308,15006532.000000,,
BATTERY,1,97.531801,15007524.000000,,
BATTERY,1,97.531626,15008613.000000,,
BATTERY,1,97.531073,15009798.000000,,
BATTERY,1,97.530815,15011398.000000,,
BATTERY,1,97.530308,15012390.000000,,
BATTERY,1,97.371142,16000320.000000,,
BATTERY,1,97.370635,16001312.000000,,
BATTERY,1,97.370562,16001761.000000,,
BATTERY,1,97.370009,16002946.000000,,
BATTERY,1,97.369958,16003266.000000,,
BATTERY,1,97.369451,16004258.000000,,
BATTERY,1,97.369301,16005186.000000,,
BATTERY,1,97.368794,16006178.000000,,
BATTERY,1,97.368639,16007139.000000,,
BATTERY,1,97.368132,16008131.000000,,
BATTERY,1,97.208280,17000320.000000,,
BATTERY,1,97.207773,17001312.000000,,
BATTERY,1,97.207721,17001633.000000,,
BATTERY,1,97.207214,17002625.000000,,
BATTERY,1,97.207116,17003233.000000,,
BATTERY,1,97.206609,17004225.000000,,
BATTERY,1,97.206506,17004866.000000,,
BATTERY,1,97.205999,17005858.000000,,
BATTERY,1,97.205880,17006594.000000,,
BATTERY,1,97.205327,17007779.000000,,
BATTERY,1,97.045366,18000640.000000,,
BATTERY,1,97.044859,18001632.000000,,
BATTERY,1,97.044761,18002240.000000,,
BATTERY,1,97.044254,18003232.000000,,
BATTERY,1,97.044130,18004001.000000,,
BATTERY,1,97.043577,18005186.000000,,
BATTERY,1,97.043216,18007426.000000,,
BATTERY,1,97.042709,18008418.000000,,
BATTERY,1,96.882851,19000640.000000,,
BATTERY,1,96.882344,19001632.000000,,
BATTERY,1,96.882246,19002240.000000,,
BATTERY,1,96.881739,19003232.000000,,
BATTERY,1,96.881636,19003873.000000,,
BATTERY,1,96.881129,19004865.000000,,
BATTERY,1,96.881062,19005281.000000,,
BATTERY,1,96.880509,19006466.000000,,
BATTERY,1,96.880452,19006819.000000,,
BATTERY,1,96.879945,19007811.000000,,
BATTERY,1,96.879790,19008772.000000,,
BATTERY,1,96.879283,19009764.000000,,
BATTERY,1,96.719694,20000320.000000,,
BATTERY,1,96.719187,20001312.000000,,
BATTERY,1,96.719089,20001920.000000,,
BATTERY,1,96.718582,20002912.000000,,
BATTERY,1,96.718556,20003074.000000,,
BATTERY,1,96.718003,20004259.000000,,
BATTERY,1,96.717905,20004866.000000,,
BATTERY,1,96.717398,20005858.000000,,
BATTERY,1,96.717243,20006819.000000,,
BATTERY,1,96.716736,20007811.000000,,
BATTERY,1,96.556811,21000448.000000,,
BATTERY,1,96.556258,21001633.000000,,
BATTERY,1,96.556207,21001953.000000,,
BATTERY,1,96.555699,21002945.000000,,
BATTERY,1,96.555602,21003553.000000,,
BATTERY,1,96.555095,21004545.000000,,
BATTERY,1,96.554780,21006499.000000,,
BATTERY,1,96.554273,21007491.000000,,
BATTERY,1,96.553912,21009732.000000,,
BATTERY,1,96.553405,21010724.000000,,
BATTERY,1,96.393918,22000640.000000,,
BATTERY,1,96.393411,22001632.000000,,
BATTERY,1,96.393308,22002273.000000,,
BATTERY,1,96.392801,22003265.000000,,
BATTERY,1,96.392749,22003586.000000,,
BATTERY,1,96.392242,22004578.000000,,
BATTERY,1,96.392221,22004707.000000,,
BATTERY,1,96.391668,22005892.000000,,
BATTERY,1,96.391570,22006499.000000,,
BATTERY,1,96.391063,22007491.000000,,
BATTERY,1,96.390960,22008132.000000,,
BATTERY,1,96.390453,22009124.000000,,
BATTERY,1,96.230760,23000320.000000,,
BATTERY,1,96.230253,23001312.000000,,
BATTERY,1,96.230202,23001633.000000,,
BATTERY,1,96.229695,23002625.000000,,
BATTERY,1,96.229591,23003266.000000,,
BATTERY,1,96.229084,23004258.000000,,
BATTERY,1,96.228961,23005027.000000,,
BATTERY,1,96.228408,23006212.000000,,
BATTERY,1,96.228201,23007492.000000,,
BATTERY,1,96.227694,23008484.000000,,
BATTERY,1,96.067898,24000320.000000,,
BATTERY,1,96.067391,24001312.000000,,
BATTERY,1,96.067340,24001633.000000,,
BATTERY,1,96.066833,24002625.000000,,
BATTERY,1,96.066760,24003074.000000,,
BATTERY,1,96.066207,24004259.000000,,
BATTERY,1,96.066156,24004579.000000,,
BATTERY,1,96.065649,24005571.000000,,
BATTERY,1,96.065551,24006179.000000,,
BATTERY,1,96.065044,24007171.000000,,
BATTERY,1,96.064935,24007845.000000,,
BATTERY,1,96.064428,24008837.000000,,
BATTERY,1,95.904689,25000320.000000,,
BATTERY,1,95.904182,25001312.000000,,
BATTERY,1,95.904084,25001920.000000,,
BATTERY,1,95.903577,25002912.000000,,
BATTERY,1,95.903520,25003266.000000,,
BATTERY,1,95.903013,25004258.000000,,
BATTERY,1,95.902858,25005219.000000,,
BATTERY,1,95.902351,25006211.000000,,
BATTERY,1,95.902021,25008260.000000,,
BATTERY,1,95.901468,25009445.000000,,
BATTERY,1,95.741827,26000320.000000,,
BATTERY,1,95.741320,26001312.000000,,
BATTERY,1,95.741269,26001633.000000,,
BATTERY,1,95.740762,26002625.000000,,
BATTERY,1,95.740664,26003233.000000,,
BATTERY,1,95.740157,26004225.000000,,
BATTERY,1,95.739790,26006499.000000,,
BATTERY,1,95.739283,26007491.000000,,
BATTERY,1,95.739005,26009220.000000,,
BATTERY,1,95.738452,26010405.000000,,
BATTERY,1,95.578996,27000128.000000,,
BATTERY,1,95.578443,27001313.000000,,
BATTERY,1,95.578294,27002240.000000,,
BATTERY,1,95.577787,27003232.000000,,
BATTERY,1,95.577684,27003873.000000,,
BATTERY,1,95.577177,27004865.000000,,
BATTERY,1,95.577073,27005506.000000,,
BATTERY,1,95.576566,27006498.000000,,
BATTERY,1,95.576257,27008419.000000,,
BATTERY,1,95.575750,27009411.000000,,
BATTERY,1,95.575595,27010372.000000,,
BATTERY,1,95.575088,27011364.000000,,
BATTERY,1,95.574727,27013605.000000,,
BATTERY,1,95.574220,27014597.000000,,
BATTERY,1,95.415357,28000640.000000,,
BATTERY,1,95.414850,28001632.000000,,
BATTERY,1,95.414783,28002048.000000,,
BATTERY,1,95.414230,28003233.000000,,
BATTERY,1,95.414173,28003586.000000,,
BATTERY,1,95.413666,28004578.000000,,
BATTERY,1,95.413465,28005826.000000,,
BATTERY,1,95.412958,28006818.000000,,
BATTERY,1,95.252843,29000640.000000,,
BATTERY,1,95.252336,29001632.000000,,
BATTERY,1,95.252269,29002048.000000,,
BATTERY,1,95.251716,29003233.000000,,
BATTERY,1,95.251561,29004193.000000,,
BATTERY,1,95.251054,29005185.000000,,
BATTERY,1,95.250956,29005793.000000,,
BATTERY,1,95.250449,29006785.000000,,
BATTERY,1,95.250346,29007426.000000,,
BATTERY,1,95.249839,29008418.000000,,
BATTERY,1,95.249741,29009026.000000,,
BATTERY,1,95.249234,29010018.000000,,
BATTERY,1,95.089685,30000320.000000,,
BATTERY,1,95.089178,30001312.000000,,
BATTERY,1,95.089126,30001633.000000,,
BATTERY,1,95.088619,30002625.000000,,
BATTERY,1,95.088567,30002946.000000,,
BATTERY,1,95.088060,30003938.000000,,
BATTERY,1,95.088009,30004259.000000,,
BATTERY,1,95.087502,30005251.000000,,
BATTERY,1,95.087429,30005700.000000,,
BATTERY,1,95.086876,30006885.000000,,
BATTERY,1,95.086779,30007492.000000,,
BATTERY,1,95.086272,30008484.000000,,
BATTERY,1,94.926476,31000320.000000,,
BATTERY,1,94.925969,31001312.000000,,
BATTERY,1,94.925871,31001920.000000,,
BATTERY,1,94.925364,31002912.000000,,
BATTERY,1,94.925307,31003266.000000,,
BATTERY,1,94.924800,31004258.000000,,
BATTERY,1,94.924593,31005539.000000,,
BATTERY,1,94.924086,31006531.000000,,
BATTERY,1,94.924035,31006852.000000,,
BATTERY,1,94.923528,31007844.000000,,
BATTERY,1,94.923373,31008805.000000,,
BATTERY,1,94.922866,31009797.000000,,
BATTERY,1,94.922536,31011846.000000,,
BATTERY,1,94.921983,31013031.000000,,
BATTERY,1,94.762919,32000320.000000,,
BATTERY,1,94.762412,32001312.000000,,
BATTERY,1,94.762361,32001633.000000,,
BATTERY,1,94.761854,32002625.000000,,
BATTERY,1,94.761704,32003553.000000,,
BATTERY,1,94.761197,32004545.000000,,
BATTERY,1,94.761125,32004994.000000,,
BATTERY,1,94.760572,32006179.000000,,
BATTERY,1,94.760469,32006819.000000,,
BATTERY,1,94.759962,32007811.000000,,
BATTERY,1,94.759652,32009732.000000,,
BATTERY,1,94.759145,32010724.000000,,
BATTERY,1,94.599638,33000768.000000,,
BATTERY,1,94.599085,33001953.000000,,
BATTERY,1,94.598987,33002560.000000,,
BATTERY,1,94.598480,33003552.000000,,
BATTERY,1,94.598377,33004193.000000,,
BATTERY,1,94.597870,33005185.000000,,
BATTERY,1,94.597772,33005793.000000,,
BATTERY,1,94.597265,33006785.000000,,
BATTERY,1,94.597002,33008419.000000,,
BATTERY,1,94.596495,33009411.000000,,
BATTERY,1,94.596082,33011972.000000,,
BATTERY,1,94.595575,33012964.000000,,
BATTERY,1,94.436346,34001280.000000,,
BATTERY,1,94.435839,34002272.000000,,
BATTERY,1,94.435767,34002721.000000,,
BATTERY,1,94.435214,34003906.000000,,
BATTERY,1,94.435162,34004226.000000,,
BATTERY,1,94.434655,34005218.000000,,
BATTERY,1,94.434506,34006146.000000,,
BATTERY,1,94.433999,34007138.000000,,
BATTERY,1,94.433896,34007779.000000,,
BATTERY,1,94.433389,34008771.000000,,
BATTERY,1,94.433182,34010052.000000,,
BATTERY,1,94.432675,34011044.000000,,
BATTERY,1,94.432366,34012965.000000,,
BATTERY,1,94.431859,34013957.000000,,
BATTERY,1,94.272975,35000128.000000,,
BATTERY,1,94.272422,35001313.000000,,
BATTERY,1,94.272319,35001953.000000,,
BATTERY,1,94.271812,35002945.000000,,
BATTERY,1,94.271761,35003266.000000,,
BATTERY,1,94.271254,35004258.000000,,
BATTERY,1,94.271156,35004866.000000,,
BATTERY,1,94.270649,35005858.000000,,
BATTERY,1,94.110430,36000320.000000,,
BATTERY,1,94.109923,36001312.000000,,
BATTERY,1,94.109825,36001920.000000,,
BATTERY,1,94.109318,36002912.000000,,
BATTERY,1,94.109214,36003553.000000,,
BATTERY,1,94.108707,36004545.000000,,
BATTERY,1,94.108656,36004866.000000,,
BATTERY,1,94.108149,36005858.000000,,
BATTERY,1,94.107994,36006819.000000,,
BATTERY,1,94.107487,36007811.000000,,
BATTERY,1,94.107208,36009540.000000,,
BATTERY,1,94.106655,36010725.000000,,
BATTERY,1,93.947221,37000320.000000,,
BATTERY,1,93.946714,37001312.000000,,
BATTERY,1,93.946662,37001633.000000,,
BATTERY,1,93.946155,37002625.000000,,
BATTERY,1,93.946057,37003233.000000,,
BATTERY,1,93.945550,37004225.000000,,
BATTERY,1,93.945477,37004674.000000,,
BATTERY,1,93.944924,37005859.000000,,
BATTERY,1,93.944770,37006819.000000,,
BATTERY,1,93.944263,37007811.000000,,
BATTERY,1,93.784359,38000320.000000,,
BATTERY,1,93.783852,38001312.000000,,
BATTERY,1,93.783800,38001633.000000,,
BATTERY,1,93.783293,38002625.000000,,
BATTERY,1,93.783195,38003233.000000,,
BATTERY,1,93.782688,38004225.000000,,
BATTERY,1,93.782615,38004674.000000,,
BATTERY,1,93.782062,38005859.000000,,
BATTERY,1,93.781702,38008099.000000,,
BATTERY,1,93.781195,38009091.000000,,
BATTERY,1,93.780988,38010372.000000,,
BATTERY,1,93.780481,38011364.000000,,
BATTERY,1,93.621149,39000320.000000,,
BATTERY,1,93.620642,39001312.000000,,
BATTERY,1,93.620591,39001633.000000,,
BATTERY,1,93.620084,39002625.000000,,
BATTERY,1,93.620032,39002946.000000,,
BATTERY,1,93.619525,39003938.000000,,
BATTERY,1,93.619473,39004259.000000,,
BATTERY,1,93.618966,39005251.000000,,
BATTERY,1,93.618868,39005859.000000,,
BATTERY,1,93.618361,39006851.000000,,
BATTERY,1,93.618309,39007172.000000,,
BATTERY,1,93.617802,39008164.000000,,
BATTERY,1,93.617730,39008613.000000,,
BATTERY,1,93.617177,39009798.000000,,
BATTERY,1,93.457572,40000448.000000,,
BATTERY,1,93.457019,40001633.000000,,
BATTERY,1,93.456968,40001953.000000,,
BATTERY,1,93.456461,40002945.000000,,
BATTERY,1,93.456363,40003553.000000,,
BATTERY,1,93.455856,40004545.000000,,
BATTERY,1,93.455804,40004866.000000,,
BATTERY,1,93.455297,40005858.000000,,
BATTERY,1,93.455245,40006179.000000,,
BATTERY,1,93.454738,40007171.000000,,
BATTERY,1,93.454635,40007812.000000,,
BATTERY,1,93.454128,40008804.000000,,
BATTERY,1,93.454030,40009412.000000,,
BATTERY,1,93.453523,40010404.000000,,
BATTERY,1,93.294068,41000128.000000,,
BATTERY,1,93.293515,41001313.000000,,
BATTERY,1,93.293463,41001633.000000,,
BATTERY,1,93.292956,41002625.000000,,
BATTERY,1,93.292904,41002946.000000,,
BATTERY,1,93.292397,41003938.000000,,
BATTERY,1,93.292196,41005186.000000,,
BATTERY,1,93.291689,41006178.000000,,
BATTERY,1,93.291586,41006819.000000,,
BATTERY,1,93.291079,41007811.000000,,
BATTERY,1,93.131123,42000640.000000,,
BATTERY,1,93.130616,42001632.000000,,
BATTERY,1,93.130564,42001953.000000,,
BATTERY,1,93.130057,42002945.000000,,
BATTERY,1,93.130006,42003266.000000,,
BATTERY,1,93.129499,42004258.000000,,
BATTERY,1,93.129426,42004707.000000,,
BATTERY,1,93.128873,42005892.000000,,
BATTERY,1,92.968691,43000128.000000,,
BATTERY,1,92.968138,43001313.000000,,
BATTERY,1,92.968086,43001633.000000,,
BATTERY,1,92.967579,43002625.000000,,
BATTERY,1,92.967527,43002946.000000,,
BATTERY,1,92.967020,43003938.000000,,
BATTERY,1,92.966917,43004579.000000,,
BATTERY,1,92.966410,43005571.000000,,
BATTERY,1,92.966307,43006212.000000,,
BATTERY,1,92.965800,43007204.000000,,
BATTERY,1,92.965702,43007812.000000,,
BATTERY,1,92.965195,43008804.000000,,
BATTERY,1,92.964834,43011045.000000,,
BATTERY,1,92.964327,43012037.000000,,
BATTERY,1,92.805083,44000448.000000,,
BATTERY,1,92.804530,44001633.000000,,
BATTERY,1,92.804478,44001953.000000,,
BATTERY,1,92.803971,44002945.000000,,
BATTERY,1,92.803919,44003266.000000,,
BATTERY,1,92.803412,44004258.000000,,
BATTERY,1,92.803309,44004899.000000,,
BATTERY,1,92.802802,44005891.000000,,
BATTERY,1,92.802704,44006499.000000,,
BATTERY,1,92.802197,44007491.000000,,
BATTERY,1,92.802140,44007845.000000,,
BATTERY,1,92.801633,44008837.000000,,
BATTERY,1,92.641925,45000128.000000,,
BATTERY,1,92.641372,45001313.000000,,
BATTERY,1,92.641274,45001920.000000,,
BATTERY,1,92.640767,45002912.000000,,
BATTERY,1,92.640716,45003233.000000,,
BATTERY,1,92.640209,45004225.000000,,
BATTERY,1,92.640157,45004546.000000,,
BATTERY,1,92.639650,45005538.000000,,
BATTERY,1,92.639552,45006146.000000,,
BATTERY,1,92.639045,45007138.000000,,
BATTERY,1,92.638993,45007459.000000,,
BATTERY,1,92.638486,45008451.000000,,
BATTERY,1,92.638388,45009059.000000,,
BATTERY,1,92.637881,45010051.000000,,
BATTERY,1,92.478338,46000320.000000,,
BATTERY,1,92.477831,46001312.000000,,
BATTERY,1,92.477728,46001953.000000,,
BATTERY,1,92.477221,46002945.000000,,
BATTERY,1,92.477123,46003553.000000,,
BATTERY,1,92.476616,46004545.000000,,
BATTERY,1,92.476543,46004994.000000,,
BATTERY,1,92.475990,46006179.000000,,
BATTERY,1,92.475732,46007779.000000,,
BATTERY,1,92.475225,46008771.000000,,
BATTERY,1,92.315373,47000960.000000,,
BATTERY,1,92.314866,47001952.000000,,
BATTERY,1,92.314762,47002593.000000,,
BATTERY,1,92.314255,47003585.000000,,
BATTERY,1,92.314204,47003906.000000,,
BATTERY,1,92.313697,47004898.000000,,
BATTERY,1,92.313645,47005219.000000,,
BATTERY,1,92.313138,47006211.000000,,
BATTERY,1,92.313117,47006340.000000,,
BATTERY,1,92.312564,47007525.000000,,
BATTERY,1,92.312203,47009765.000000,,
BATTERY,1,92.311696,47010757.000000,,
BATTERY,1,92.152267,48000320.000000,,
BATTERY,1,92.151760,48001312.000000,,
BATTERY,1,92.151662,48001920.000000,,
BATTERY,1,92.151155,48002912.000000,,
BATTERY,1,92.151103,48003233.000000,,
BATTERY,1,92.150596,48004225.000000,,
BATTERY,1,92.150446,48005153.000000,,
BATTERY,1,92.149939,48006145.000000,,
BATTERY,1,92.149609,48008194.000000,,
BATTERY,1,92.149056,48009379.000000,,
BATTERY,1,92.149005,48009699.000000,,
BATTERY,1,92.148498,48010691.000000,,
BATTERY,1,91.989006,49000640.000000,,
BATTERY,1,91.988499,49001632.000000,,
BATTERY,1,91.988344,49002593.000000,,
BATTERY,1,91.987837,49003585.000000,,
BATTERY,1,91.987734,49004226.000000,,
BATTERY,1,91.987227,49005218.000000,,
BATTERY,1,91.987175,49005539.000000,,
BATTERY,1,91.986668,49006531.000000,,
BATTERY,1,91.986493,49007620.000000,,
BATTERY,1,91.985940,49008805.000000,,
BATTERY,1,91.985785,49009765.000000,,
BATTERY,1,91.985278,49010757.000000,,
BATTERY,1,91.825848,50000320.000000,,
BATTERY,1,91.825341,50001312.000000,,
BATTERY,1,91.825290,50001633.000000,,
BATTERY,1,91.824782,50002625.000000,,
BATTERY,1,91.824633,50003553.000000,,
BATTERY,1,91.824126,50004545.000000,,
BATTERY,1,91.824074,50004866.000000,,
BATTERY,1,91.823567,50005858.000000,,
BATTERY,1,91.823500,50006274.000000,,
BATTERY,1,91.822947,50007459.000000,,
BATTERY,1,91.822787,50008452.000000,,
BATTERY,1,91.822280,50009444.000000,,
BATTERY,1,91.822228,50009765.000000,,
BATTERY,1,91.821721,50010757.000000,,
BATTERY,1,91.662189,51000960.000000,,
BATTERY,1,91.661682,51001952.000000,,
BATTERY,1,91.661661,51002081.000000,,
BATTERY,1,91.661108,51003266.000000,,
BATTERY,1,91.661010,51003873.000000,,
BATTERY,1,91.660503,51004865.000000,,
BATTERY,1,91.660446,51005219.000000,,
BATTERY,1,91.659939,51006211.000000,,
BATTERY,1,91.659790,51007139.000000,,
BATTERY,1,91.659283,51008131.000000,,
BATTERY,1,91.659025,51009732.000000,,
BATTERY,1,91.658518,51010724.000000,,
BATTERY,1,91.499114,52000128.000000,,
BATTERY,1,91.498561,52001313.000000,,
BATTERY,1,91.498509,52001633.000000,,
BATTERY,1,91.498002,52002625.000000,,
BATTERY,1,91.497899,52003266.000000,,
BATTERY,1,91.497392,52004258.000000,,
BATTERY,1,91.497288,52004899.000000,,
BATTERY,1,91.496781,52005891.000000,,
BATTERY,1,91.496730,52006212.000000,,
BATTERY,1,91.496223,52007204.000000,,
BATTERY,1,91.496022,52008452.000000,,
BATTERY,1,91.495515,52009444.000000,,
BATTERY,1,91.335873,53000320.000000,,
BATTERY,1,91.335366,53001312.000000,,
BATTERY,1,91.335268,53001920.000000,,
BATTERY,1,91.334761,53002912.000000,,
BATTERY,1,91.334653,53003586.000000,,
BATTERY,1,91.334146,53004578.000000,,
BATTERY,1,91.334094,53004899.000000,,
BATTERY,1,91.333587,53005891.000000,,
BATTERY,1,91.333412,53006980.000000,,
BATTERY,1,91.332859,53008165.000000,,
BATTERY,1,91.332652,53009445.000000,,
BATTERY,1,91.332145,53010437.000000,,
BATTERY,1,91.172613,54000640.000000,,
BATTERY,1,91.172106,54001632.000000,,
BATTERY,1,91.172054,54001953.000000,,
BATTERY,1,91.171547,54002945.000000,,
BATTERY,1,91.171495,54003266.000000,,
BATTERY,1,91.170988,54004258.000000,,
BATTERY,1,91.170936,54004579.000000,,
BATTERY,1,91.170429,54005571.000000,,
BATTERY,1,91.170409,54005700.000000,,
BATTERY,1,91.169856,54006885.000000,,
BATTERY,1,91.009802,55000320.000000,,
BATTERY,1,91.009295,55001312.000000,,
BATTERY,1,91.009274,55001441.000000,,
BATTERY,1,91.008721,55002626.000000,,
BATTERY,1,91.008624,55003233.000000,,
BATTERY,1,91.008117,55004225.000000,,
BATTERY,1,91.008060,55004579.000000,,
BATTERY,1,91.007553,55005571.000000,,
BATTERY,1,91.007455,55006179.000000,,
BATTERY,1,91.006948,55007171.000000,,
BATTERY,1,90.846940,56000320.000000,,
BATTERY,1,90.846433,56001312.000000,,
BATTERY,1,90.846382,56001633.000000,,
BATTERY,1,90.845875,56002625.000000,,
BATTERY,1,90.845823,56002946.000000,,
BATTERY,1,90.845316,56003938.000000,,
BATTERY,1,90.845243,56004387.000000,,
BATTERY,1,90.844690,56005572.000000,,
BATTERY,1,90.844593,56006179.000000,,
BATTERY,1,90.844086,56007171.000000,,
BATTERY,1,90.843673,56009732.000000,,
BATTERY,1,90.843166,56010724.000000,,
BATTERY,1,90.683680,57000640.000000,,
BATTERY,1,90.683173,57001632.000000,,
BATTERY,1,90.683121,57001953.000000,,
BATTERY,1,90.682614,57002945.000000,,
BATTERY,1,90.682495,57003681.000000,,
BATTERY,1,90.681942,57004866.000000,,
BATTERY,1,90.681891,57005186.000000,,
BATTERY,1,90.681384,57006178.000000,,
BATTERY,1,90.681280,57006819.000000,,
BATTERY,1,90.680773,57007811.000000,,
BATTERY,1,90.680618,57008772.000000,,
BATTERY,1,90.680111,57009764.000000,,
BATTERY,1,90.520501,58000448.000000,,
BATTERY,1,90.519948,58001633.000000,,
BATTERY,1,90.519897,58001953.000000,,
BATTERY,1,90.519390,58002945.000000,,
BATTERY,1,90.519338,58003266.000000,,
BATTERY,1,90.518831,58004258.000000,,
BATTERY,1,90.518733,58004866.000000,,
BATTERY,1,90.518226,58005858.000000,,
BATTERY,1,90.518123,58006499.000000,,
BATTERY,1,90.517616,58007491.000000,,
BATTERY,1,90.517461,58008452.000000,,
BATTERY,1,90.516954,58009444.000000,,
BATTERY,1,90.516593,58011685.000000,,
BATTERY,1,90.516086,58012677.000000,,
BATTERY,1,90.356965,59000320.000000,,
BATTERY,1,90.356458,59001312.000000,,
BATTERY,1,90.356407,59001633.000000,,
BATTERY,1,90.355900,59002625.000000,,
BATTERY,1,90.355848,59002946.000000,,
BATTERY,1,90.355341,59003938.000000,,
BATTERY,1,90.355238,59004579.000000,,
BATTERY,1,90.354731,59005571.000000,,
BATTERY,1,90.354658,59006020.000000,,
BATTERY,1,90.354105,59007205.000000,,
BATTERY,1,90.353956,59008132.000000,,
BATTERY,1,90.353449,59009124.000000,,
BATTERY,1,90.353088,59011365.000000,,
BATTERY,1,90.352581,59012357.000000,,
BATTERY,1,90.193409,60000320.000000,,
BATTERY,1,90.192902,60001312.000000,,
BATTERY,1,90.192850,60001633.000000,,
BATTERY,1,90.192343,60002625.000000,,
BATTERY,1,90.192292,60002946.000000,,
BATTERY,1,90.191785,60003938.000000,,
BATTERY,1,90.191718,60004354.000000,,
BATTERY,1,90.191165,60005539.000000,,
BATTERY,1,90.191010,60006499.000000,,
BATTERY,1,90.190503,60007491.000000,,
BATTERY,1,90.190245,60009092.000000,,
BATTERY,1,90.189738,60010084.000000,,
BATTERY,1,90.030200,61000320.000000,,
BATTERY,1,90.029693,61001312.000000,,
BATTERY,1,90.029595,61001920.000000,,
BATTERY,1,90.029088,61002912.000000,,
BATTERY,1,90.028985,61003553.000000,,
BATTERY,1,90.028478,61004545.000000,,
BATTERY,1,90.028426,61004866.000000,,
BATTERY,1,90.027919,61005858.000000,,
BATTERY,1,90.027821,61006466.000000,,
BATTERY,1,90.027314,61007458.000000,,
BATTERY,1,90.027242,61007907.000000,,
BATTERY,1,90.026689,61009092.000000,,
BATTERY,1,89.866991,62000320.000000,,
BATTERY,1,89.866484,62001312.000000,,
BATTERY,1,89.866329,62002273.000000,,
BATTERY,1,89.865822,62003265.000000,,
BATTERY,1,89.865801,62003394.000000,,
BATTERY,1,89.865248,62004579.000000,,
BATTERY,1,89.865196,62004899.000000,,
BATTERY,1,89.864689,62005891.000000,,
BATTERY,1,89.864540,62006819.000000,,
BATTERY,1,89.864033,62007811.000000,,
BATTERY,1,89.863981,62008132.000000,,
BATTERY,1,89.863474,62009124.000000,,
BATTERY,1,89.863273,62010372.000000,,
BATTERY,1,89.862766,62011364.000000,,
BATTERY,1,89.862457,62013285.000000,,
BATTERY,1,89.861950,62014277.000000,,
BATTERY,1,89.703087,63000320.000000,,
BATTERY,1,89.702580,63001312.000000,,
BATTERY,1,89.702482,63001920.000000,,
BATTERY,1,89.701975,63002912.000000,,
BATTERY,1,89.701918,63003266.000000,,
BATTERY,1,89.701411,63004258.000000,,
BATTERY,1,89.701262,63005186.000000,,
BATTERY,1,89.700755,63006178.000000,,
BATTERY,1,89.700651,63006819.000000,,
BATTERY,1,89.700144,63007811.000000,,
BATTERY,1,89.700072,63008260.000000,,
BATTERY,1,89.699519,63009445.000000,,
BATTERY,1,89.539878,64000320.000000,,
BATTERY,1,89.539371,64001312.000000,,
BATTERY,1,89.539221,64002240.000000,,
BATTERY,1,89.538714,64003232.000000,,
BATTERY,1,89.538657,64003586.000000,,
BATTERY,1,89.538150,64004578.000000,,
BATTERY,1,89.537841,64006499.000000,,
BATTERY,1,89.537334,64007491.000000,,
BATTERY,1,89.537261,64007940.000000,,
BATTERY,1,89.536708,64009125.000000,,
BATTERY,1,89.536559,64010052.000000,,
BATTERY,1,89.536052,64011044.000000,,
BATTERY,1,89.376669,65000320.000000,,
BATTERY,1,89.376162,65001312.000000,,
BATTERY,1,89.376110,65001633.000000,,
BATTERY,1,89.375603,65002625.000000,,
BATTERY,1,89.375402,65003873.000000,,
BATTERY,1,89.374895,65004865.000000,,
BATTERY,1,89.374585,65006786.000000,,
BATTERY,1,89.374078,65007778.000000,,
BATTERY,1,89.373748,65009827.000000,,
BATTERY,1,89.373195,65011012.000000,,
BATTERY,1,89.213601,66001600.000000,,
BATTERY,1,89.213093,66002592.000000,,
BATTERY,1,89.213042,66002913.000000,,
BATTERY,1,89.212535,66003905.000000,,
BATTERY,1,89.212483,66004226.000000,,
BATTERY,1,89.211976,66005218.000000,,
BATTERY,1,89.211878,66005826.000000,,
BATTERY,1,89.211371,66006818.000000,,
BATTERY,1,89.211242,66007620.000000,,
BATTERY,1,89.210689,66008805.000000,,
BATTERY,1,89.210431,66010405.000000,,
BATTERY,1,89.209924,66011397.000000,,
BATTERY,1,89.050546,67000640.000000,,
BATTERY,1,89.050039,67001632.000000,,
BATTERY,1,89.050018,67001761.000000,,
BATTERY,1,89.049465,67002946.000000,,
BATTERY,1,89.049311,67003906.000000,,
BATTERY,1,89.048803,67004898.000000,,
BATTERY,1,89.048706,67005506.000000,,
BATTERY,1,89.048199,67006498.000000,,
BATTERY,1,89.048095,67007139.000000,,
BATTERY,1,89.047588,67008131.000000,,
BATTERY,1,89.047227,67010372.000000,,
BATTERY,1,89.046720,67011364.000000,,
BATTERY,1,88.887419,68000128.000000,,
BATTERY,1,88.886866,68001313.000000,,
BATTERY,1,88.886815,68001633.000000,,
BATTERY,1,88.886308,68002625.000000,,
BATTERY,1,88.886256,68002946.000000,,
BATTERY,1,88.885749,68003938.000000,,
BATTERY,1,88.885651,68004546.000000,,
BATTERY,1,88.885144,68005538.000000,,
BATTERY,1,88.885092,68005859.000000,,
BATTERY,1,88.884585,68006851.000000,,
BATTERY,1,88.884173,68009412.000000,,
BATTERY,1,88.883666,68010404.000000,,
BATTERY,1,88.724179,69000320.000000,,
BATTERY,1,88.723672,69001312.000000,,
BATTERY,1,88.723523,69002240.000000,,
BATTERY,1,88.723016,69003232.000000,,
BATTERY,1,88.722912,69003873.000000,,
BATTERY,1,88.722405,69004865.000000,,
BATTERY,1,88.722281,69005634.000000,,
BATTERY,1,88.721728,69006819.000000,,
BATTERY,1,88.721631,69007426.000000,,
BATTERY,1,88.721124,69008418.000000,,
BATTERY,1,88.721020,69009059.000000,,
BATTERY,1,88.720513,69010051.000000,,
BATTERY,1,88.560918,70000640.000000,,
BATTERY,1,88.560411,70001632.000000,,
BATTERY,1,88.560360,70001953.000000,,
BATTERY,1,88.559853,70002945.000000,,
BATTERY,1,88.559832,70003074.000000,,
BATTERY,1,88.559279,70004259.000000,,
BATTERY,1,88.559073,70005539.000000,,
BATTERY,1,88.558566,70006531.000000,,
BATTERY,1,88.558359,70007812.000000,,
BATTERY,1,88.557852,70008804.000000,,
BATTERY,1,88.557749,70009445.000000,,
BATTERY,1,88.557242,70010437.000000,,
BATTERY,1,88.557144,70011045.000000,,
BATTERY,1,88.556637,70012037.000000,,
BATTERY,1,88.397414,71000320.000000,,
BATTERY,1,88.396907,71001312.000000,,
BATTERY,1,88.396752,71002273.000000,,
BATTERY,1,88.396245,71003265.000000,,
BATTERY,1,88.396193,71003586.000000,,
BATTERY,1,88.395686,71004578.000000,,
BATTERY,1,88.395634,71004899.000000,,
BATTERY,1,88.395127,71005891.000000,,
BATTERY,1,88.395024,71006532.000000,,
BATTERY,1,88.394517,71007524.000000,,
BATTERY,1,88.394496,71007653.000000,,
BATTERY,1,88.393943,71008838.000000,,
BATTERY,1,88.393531,71011398.000000,,
BATTERY,1,88.393024,71012390.000000,,
BATTERY,1,88.233857,72000320.000000,,
BATTERY,1,88.233350,72001312.000000,,
BATTERY,1,88.233298,72001633.000000,,
BATTERY,1,88.232791,72002625.000000,,
BATTERY,1,88.232740,72002946.000000,,
BATTERY,1,88.232233,72003938.000000,,
BATTERY,1,88.232083,72004866.000000,,
BATTERY,1,88.231576,72005858.000000,,
BATTERY,1,88.231241,72007940.000000,,
BATTERY,1,88.230688,72009125.000000,,
BATTERY,1,88.070975,73000448.000000,,
BATTERY,1,88.070422,73001633.000000,,
BATTERY,1,88.070370,73001953.000000,,
BATTERY,1,88.069863,73002945.000000,,
BATTERY,1,88.069708,73003906.000000,,
BATTERY,1,88.069201,73004898.000000,,
BATTERY,1,88.069149,73005219.000000,,
BATTERY,1,88.068642,73006211.000000,,
BATTERY,1,87.908429,74000640.000000,,
BATTERY,1,87.907922,74001632.000000,,
BATTERY,1,87.907819,74002273.000000,,
BATTERY,1,87.907312,74003265.000000,,
BATTERY,1,87.907214,74003873.000000,,
BATTERY,1,87.906707,74004865.000000,,
BATTERY,1,87.906634,74005314.000000,,
BATTERY,1,87.906081,74006499.000000,,
BATTERY,1,87.745945,75000448.000000,,
BATTERY,1,87.745392,75001633.000000,,
BATTERY,1,87.745340,75001953.000000,,
BATTERY,1,87.744833,75002945.000000,,
BATTERY,1,87.744782,75003266.000000,,
BATTERY,1,87.744275,75004258.000000,,
BATTERY,1,87.744171,75004899.000000,,
BATTERY,1,87.743664,75005891.000000,,
BATTERY,1,87.743355,75007812.000000,,
BATTERY,1,87.742848,75008804.000000,,
BATTERY,1,87.742693,75009765.000000,,
BATTERY,1,87.742186,75010757.000000,,
BATTERY,1,87.582756,76000320.000000,,
BATTERY,1,87.582249,76001312.000000,,
BATTERY,1,87.582198,76001633.000000,,
BATTERY,1,87.581691,76002625.000000,,
BATTERY,1,87.581639,76002946.000000,,
BATTERY,1,87.581132,76003938.000000,,
BATTERY,1,87.581029,76004579.000000,,
BATTERY,1,87.580522,76005571.000000,,
BATTERY,1,87.580501,76005700.000000,,
BATTERY,1,87.579948,76006885.000000,,
BATTERY,1,87.579845,76007525.000000,,
BATTERY,1,87.579338,76008517.000000,,
BATTERY,1,87.419496,77000640.000000,,
BATTERY,1,87.418989,77001632.000000,,
BATTERY,1,87.418937,77001953.000000,,
BATTERY,1,87.418430,77002945.000000,,
BATTERY,1,87.418327,77003586.000000,,
BATTERY,1,87.417820,77004578.000000,,
BATTERY,1,87.417753,77004994.000000,,
BATTERY,1,87.417200,77006179.000000,,
BATTERY,1,87.416890,77008099.000000,,
BATTERY,1,87.416383,77009091.000000,,
BATTERY,1,87.256685,78000320.000000,,
BATTERY,1,87.256178,78001312.000000,,
BATTERY,1,87.256126,78001633.000000,,
BATTERY,1,87.255619,78002625.000000,,
BATTERY,1,87.255449,78003681.000000,,
BATTERY,1,87.254896,78004866.000000,,
BATTERY,1,87.254685,78006179.000000,,
BATTERY,1,87.254178,78007171.000000,,
BATTERY,1,87.254023,78008132.000000,,
BATTERY,1,87.253516,78009124.000000,,
BATTERY,1,87.253464,78009445.000000,,
BATTERY,1,87.252957,78010437.000000,,
BATTERY,1,87.093476,79000320.000000,,
BATTERY,1,87.092969,79001312.000000,,
BATTERY,1,87.092917,79001633.000000,,
BATTERY,1,87.092410,79002625.000000,,
BATTERY,1,87.092359,79002946.000000,,
BATTERY,1,87.091852,79003938.000000,,
BATTERY,1,87.091779,79004387.000000,,
BATTERY,1,87.091226,79005572.000000,,
BATTERY,1,87.091071,79006532.000000,,
BATTERY,1,87.090564,79007524.000000,,
BATTERY,1,87.090410,79008485.000000,,
BATTERY,1,87.089903,79009477.000000,,
BATTERY,1,86.930215,80000640.000000,,
BATTERY,1,86.929708,80001632.000000,,
BATTERY,1,86.929687,80001761.000000,,
BATTERY,1,86.929134,80002946.000000,,
BATTERY,1,86.928980,80003906.000000,,
BATTERY,1,86.928473,80004898.000000,,
BATTERY,1,86.928318,80005859.000000,,
BATTERY,1,86.927811,80006851.000000,,
BATTERY,1,86.927656,80007812.000000,,
BATTERY,1,86.927149,80008804.000000,,
BATTERY,1,86.926994,80009765.000000,,
BATTERY,1,86.926487,80010757.000000,,
BATTERY,1,86.926126,80012998.000000,,
BATTERY,1,86.925619,80013990.000000,,
BATTERY,1,86.766710,81000320.000000,,
BATTERY,1,86.766203,81001312.000000,,
BATTERY,1,86.766183,81001441.000000,,
BATTERY,1,86.765630,81002626.000000,,
BATTERY,1,86.765578,81002946.000000,,
BATTERY,1,86.765071,81003938.000000,,
BATTERY,1,86.765019,81004259.000000,,
BATTERY,1,86.764512,81005251.000000,,
BATTERY,1,86.764363,81006179.000000,,
BATTERY,1,86.763856,81007171.000000,,
BATTERY,1,86.763799,81007525.000000,,
BATTERY,1,86.763292,81008517.000000,,
BATTERY,1,86.603450,82000640.000000,,
BATTERY,1,86.602943,82001632.000000,,
BATTERY,1,86.602876,82002048.000000,,
BATTERY,1,86.602323,82003233.000000,,
BATTERY,1,86.602163,82004226.000000,,
BATTERY,1,86.601656,82005218.000000,,
BATTERY,1,86.601449,82006499.000000,,
BATTERY,1,86.600942,82007491.000000,,
BATTERY,1,86.600530,82010052.000000,,
BATTERY,1,86.600023,82011044.000000,,
BATTERY,1,86.440670,83000128.000000,,
BATTERY,1,86.440117,83001313.000000,,
BATTERY,1,86.440019,83001920.000000,,
BATTERY,1,86.439512,83002912.000000,,
BATTERY,1,86.439455,83003266.000000,,
BATTERY,1,86.438948,83004258.000000,,
BATTERY,1,86.438845,83004899.000000,,
BATTERY,1,86.438338,83005891.000000,,
BATTERY,1,86.438235,83006532.000000,,
BATTERY,1,86.437728,83007524.000000,,
BATTERY,1,86.437521,83008805.000000,,
BATTERY,1,86.437014,83009797.000000,,
BATTERY,1,86.277430,84000320.000000,,
BATTERY,1,86.276923,84001312.000000,,
BATTERY,1,86.276856,84001728.000000,,
BATTERY,1,86.276303,84002913.000000,,
BATTERY,1,86.276200,84003553.000000,,
BATTERY,1,86.275693,84004545.000000,,
BATTERY,1,86.275326,84006819.000000,,
BATTERY,1,86.274819,84007811.000000,,
BATTERY,1,86.114843,85000768.000000,,
BATTERY,1,86.114290,85001953.000000,,
BATTERY,1,86.114239,85002273.000000,,
BATTERY,1,86.113731,85003265.000000,,
BATTERY,1,86.113628,85003906.000000,,
BATTERY,1,86.113121,85004898.000000,,
BATTERY,1,86.113069,85005219.000000,,
BATTERY,1,86.112562,85006211.000000,,
BATTERY,1,86.112511,85006532.000000,,
BATTERY,1,86.112004,85007524.000000,,
BATTERY,1,86.111643,85009765.000000,,
BATTERY,1,86.111136,85010757.000000,,
BATTERY,1,85.951737,86000128.000000,,
BATTERY,1,85.951184,86001313.000000,,
BATTERY,1,85.951132,86001633.000000,,
BATTERY,1,85.950625,86002625.000000,,
BATTERY,1,85.950522,86003266.000000,,
BATTERY,1,85.950015,86004258.000000,,
BATTERY,1,85.949809,86005539.000000,,
BATTERY,1,85.949302,86006531.000000,,
BATTERY,1,85.949044,86008132.000000,,
BATTERY,1,85.948537,86009124.000000,,
BATTERY,1,85.788741,87000960.000000,,
BATTERY,1,85.788234,87001952.000000,,
BATTERY,1,85.788182,87002273.000000,,
BATTERY,1,85.787675,87003265.000000,,
BATTERY,1,85.787551,87004034.000000,,
BATTERY,1,85.786998,87005219.000000,,
BATTERY,1,85.786844,87006179.000000,,
BATTERY,1,85.786337,87007171.000000,,
BATTERY,1,85.626278,88000640.000000,,
BATTERY,1,85.625771,88001632.000000,,
BATTERY,1,85.625673,88002240.000000,,
BATTERY,1,85.625166,88003232.000000,,
BATTERY,1,85.625093,88003681.000000,,
BATTERY,1,85.624540,88004866.000000,,
BATTERY,1,85.624437,88005506.000000,,
BATTERY,1,85.623930,88006498.000000,,
BATTERY,1,85.623775,88007459.000000,,
BATTERY,1,85.623268,88008451.000000,,
BATTERY,1,85.623165,88009092.000000,,
BATTERY,1,85.622658,88010084.000000,,
BATTERY,1,85.463120,89000320.000000,,
BATTERY,1,85.462613,89001312.000000,,
BATTERY,1,85.462561,89001633.000000,,
BATTERY,1,85.462054,89002625.000000,,
BATTERY,1,85.462003,89002946.000000,,
BATTERY,1,85.461496,89003938.000000,,
BATTERY,1,85.461444,89004259.000000,,
BATTERY,1,85.460937,89005251.000000,,
BATTERY,1,85.460885,89005572.000000,,
BATTERY,1,85.460378,89006564.000000,,
BATTERY,1,85.460280,89007172.000000,,
BATTERY,1,85.459773,89008164.000000,,
BATTERY,1,85.459391,89010533.000000,,
BATTERY,1,85.458838,89011718.000000,,
BATTERY,1,85.299564,90000320.000000,,
BATTERY,1,85.299057,90001312.000000,,
BATTERY,1,85.298984,90001761.000000,,
BATTERY,1,85.298431,90002946.000000,,
BATTERY,1,85.298225,90004226.000000,,
BATTERY,1,85.297718,90005218.000000,,
BATTERY,1,85.297666,90005539.000000,,
BATTERY,1,85.297159,90006531.000000,,
BATTERY,1,85.137049,91000320.000000,,
BATTERY,1,85.136542,91001312.000000,,
BATTERY,1,85.136490,91001633.000000,,
BATTERY,1,85.135983,91002625.000000,,
BATTERY,1,85.135931,91002946.000000,,
BATTERY,1,85.135424,91003938.000000,,
BATTERY,1,85.135326,91004546.000000,,
BATTERY,1,85.134819,91005538.000000,,
BATTERY,1,85.134768,91005859.000000,,
BATTERY,1,85.134261,91006851.000000,,
BATTERY,1,85.134194,91007267.000000,,
BATTERY,1,85.133641,91008452.000000,,
BATTERY,1,84.973840,92000320.000000,,
BATTERY,1,84.973333,92001312.000000,,
BATTERY,1,84.973281,92001633.000000,,
BATTERY,1,84.972774,92002625.000000,,
BATTERY,1,84.972722,92002946.000000,,
BATTERY,1,84.972215,92003938.000000,,
BATTERY,1,84.972143,92004387.000000,,
BATTERY,1,84.971590,92005572.000000,,
BATTERY,1,84.971440,92006499.000000,,
BATTERY,1,84.970933,92007491.000000,,
BATTERY,1,84.970876,92007845.000000,,
BATTERY,1,84.970369,92008837.000000,,
BATTERY,1,84.970163,92010118.000000,,
BATTERY,1,84.969656,92011110.000000,,
BATTERY,1,84.810283,93000320.000000,,
BATTERY,1,84.809776,93001312.000000,,
BATTERY,1,84.809755,93001441.000000,,
BATTERY,1,84.809202,93002626.000000,,
BATTERY,1,84.809048,93003586.000000,,
BATTERY,1,84.808541,93004578.000000,,
BATTERY,1,84.808489,93004899.000000,,
BATTERY,1,84.807982,93005891.000000,,
BATTERY,1,84.807884,93006499.000000,,
BATTERY,1,84.807377,93007491.000000,,
BATTERY,1,84.806964,93010052.000000,,
BATTERY,1,84.806457,93011044.000000,,
BATTERY,1,84.647074,94000320.000000,,
BATTERY,1,84.646567,94001312.000000,,
BATTERY,1,84.646464,94001953.000000,,
BATTERY,1,84.645957,94002945.000000,,
BATTERY,1,84.645936,94003074.000000,,
BATTERY,1,84.645383,94004259.000000,,
BATTERY,1,84.645331,94004579.000000,,
BATTERY,1,84.644824,94005571.000000,,
BATTERY,1,84.644726,94006179.000000,,
BATTERY,1,84.644219,94007171.000000,,
BATTERY,1,84.644116,94007812.000000,,
BATTERY,1,84.643609,94008804.000000,,
BATTERY,1,84.643351,94010405.000000,,
BATTERY,1,84.642844,94011397.000000,,
BATTERY,1,84.483415,95000960.000000,,
BATTERY,1,84.482908,95001952.000000,,
BATTERY,1,84.482856,95002273.000000,,
BATTERY,1,84.482349,95003265.000000,,
BATTERY,1,84.482251,95003873.000000,,
BATTERY,1,84.481744,95004865.000000,,
BATTERY,1,84.481687,95005219.000000,,
BATTERY,1,84.481180,95006211.000000,,
BATTERY,1,84.481030,95007139.000000,,
BATTERY,1,84.480523,95008131.000000,,
BATTERY,1,84.480451,95008580.000000,,
BATTERY,1,84.479898,95009765.000000,,
BATTERY,1,84.320308,96000320.000000,,
BATTERY,1,84.319801,96001312.000000,,
BATTERY,1,84.319734,96001728.000000,,
BATTERY,1,84.319181,96002913.000000,,
BATTERY,1,84.319125,96003266.000000,,
BATTERY,1,84.318618,96004258.000000,,
BATTERY,1,84.318514,96004899.000000,,
BATTERY,1,84.318007,96005891.000000,,
BATTERY,1,84.317852,96006852.000000,,
BATTERY,1,84.317345,96007844.000000,,
BATTERY,1,84.157323,97001088.000000,,
BATTERY,1,84.156770,97002273.000000,,
BATTERY,1,84.156718,97002593.000000,,
BATTERY,1,84.156211,97003585.000000,,
BATTERY,1,84.156113,97004193.000000,,
BATTERY,1,84.155606,97005185.000000,,
BATTERY,1,84.155503,97005826.000000,,
BATTERY,1,84.154996,97006818.000000,,
BATTERY,1,84.154846,97007746.000000,,
BATTERY,1,84.154339,97008738.000000,,
BATTERY,1,83.994585,98000320.000000,,
BATTERY,1,83.994077,98001312.000000,,
BATTERY,1,83.993980,98001920.000000,,
BATTERY,1,83.993473,98002912.000000,,
BATTERY,1,83.993318,98003873.000000,,
BATTERY,1,83.992811,98004865.000000,,
BATTERY,1,83.992707,98005506.000000,,
BATTERY,1,83.992200,98006498.000000,,
BATTERY,1,83.992102,98007106.000000,,
BATTERY,1,83.991595,98008098.000000,,
BATTERY,1,83.991265,98010147.000000,,
BATTERY,1,83.990712,98011332.000000,,
BATTERY,1,83.831324,99000640.000000,,
BATTERY,1,83.830817,99001632.000000,,
BATTERY,1,83.830765,99001953.000000,,
BATTERY,1,83.830258,99002945.000000,,
BATTERY,1,83.830191,99003361.000000,,
BATTERY,1,83.829638,99004546.000000,,
BATTERY,1,83.829478,99005539.000000,,
BATTERY,1,83.828971,99006531.000000,,
BATTERY,1,83.828765,99007812.000000,,
BATTERY,1,83.828258,99008804.000000,,
BATTERY,1,83.825009,99028967.702420,,
